sat_2.Earth.Latitude,,,sat_2.Earth.Longitude,,,
-0.139358469572769,,,,,106.0324380506495,,,,,,,
-0.1391846745568179,,,,109.5867301335349,,,,,,,
-0.1378022765236,,,,,,,114.8368626382877,,,,,,,
-0.1349376739466631,,,,120.3219886121555,,,,,,,
-0.1306265193578295,,,,125.8343922414946,,,,,,,
-0.124921452686483,,,,,131.3501171615022,,,,,,,
-0.1178846582836451,,,,136.8665351666741,,,,,,,
-0.109591609974398,,,,,142.3832923338829,,,,,,,
-0.1001309064959652,,,,147.9004585058677,,,,,,,
-0.08960382479569273,,,153.4180286174111,,,,,,,
-0.07812303243295743,,,158.9360281795548,,,,,,,
-0.06581128018330576,,,164.4545249495721,,,,,,,
-0.05280024095400458,,,169.9735374383588,,,,,,,
-0.03922904762933248,,,175.4930554956503,,,,,,,
-0.02524275764004632,,,-178.9869468490413,,,,,,
-0.01099060402932193,,,-173.4664403492955,,,,,,
0.003375350167486656,,,-167.9454397009131,,,,,,
0.01770199104327762,,,,-162.4239359786816,,,,,,
0.03183651853410171,,,,-156.9019911771828,,,,,,
0.04562830963759559,,,,-151.3796367643507,,,,,,
0.05893041333922773,,,,-145.8569017069219,,,,,,
0.07160113598374088,,,,-140.333785243965,,,,,,,
0.08350517292647026,,,,-134.8104100277653,,,,,,
0.09451566420497091,,,,-129.2867346017892,,,,,,
0.1045149134223707,,,,,-123.7628306894864,,,,,,
0.113396013551871,,,,,,-118.2387004514942,,,,,,
0.1210637716359279,,,,,-112.714395340034,,,,,,,
0.1274358667461599,,,,,-107.1899533949625,,,,,,
0.1324437194648393,,,,,-101.6654404512614,,,,,,
0.1360333571010748,,,,,-96.14085903475947,,,,,,
0.1381659252152284,,,,,-90.61630757088531,,,,,,
0.1388182880727364,,,,,-85.09183506042382,,,,,,
0.1379832824490936,,,,,-79.56748946770857,,,,,,
0.1356698745843542,,,,,-74.04337551451968,,,,,,
0.1319030465061117,,,,,-68.51949568674868,,,,,,
0.1267235508097379,,,,,-62.99587732060384,,,,,,
0.1201874782953476,,,,,-57.47254936981189,,,,,,
0.1123657345274762,,,,,-51.9496033073211,,,,,,,
0.1033430791727836,,,,,-46.42706068143008,,,,,,
0.09321710437338891,,,,-40.90488334641078,,,,,,
0.08209750967303327,,,,-35.38318409420157,,,,,,
0.0701044254263186,,,,,-29.86198208931952,,,,,,
0.05736697931445625,,,,-24.34120897205821,,,,,,
0.04402237915662432,,,,-18.82094869693892,,,,,,
0.03021378599881978,,,,-13.30117549371844,,,,,,
0.01608921260666334,,,,-7.78195998266015,,,,,,,
0.00179934926151973,,,,-2.263248813414052,,,,,,
-0.01250375187318572,,,3.2550099461167,,,,,,,,,
-0.0266679874889679,,,,8.772751787578118,,,,,,,
-0.04054349578971897,,,14.29006873413744,,,,,,,
-0.05398362215552278,,,19.80698749463741,,,,,,,
-0.06684655088404659,,,25.3235229465077,,,,,,,,
-0.078996738095823,,,,,30.83967833369151,,,,,,,
-0.09030651303952239,,,36.35556695218024,,,,,,,
-0.1006568639358856,,,,41.8711961467758,,,,,,,,
-0.1099388744589664,,,,47.38657352581536,,,,,,,
-0.1180548739291549,,,,52.90175396890148,,,,,,,
-0.1249192692821898,,,,58.41675435366155,,,,,,,
-0.1304595706926227,,,,63.93167969203853,,,,,,,
-0.1346169232278217,,,,69.44654302099313,,,,,,,
-0.1373469155813991,,,,74.96143426599079,,,,,,,
-0.1386199634943841,,,,80.47633819321453,,,,,,,
-0.1384217730240258,,,,85.99136741612256,,,,,,,
-0.1367534919465399,,,,91.50652225235345,,,,,,,
-0.1336318318444281,,,,97.02181929551719,,,,,,,
-0.1290888442161685,,,,102.5374003350574,,,,,,,
-0.1231717612995312,,,,108.0533150029246,,,,,,,
-0.1159425184788677,,,,113.5696360212657,,,,,,,
-0.1074774134137213,,,,119.0862876305662,,,,,,,
-0.09786592373140823,,,124.6033556644215,,,,,,,
-0.08721006238464997,,,130.1208657708294,,,,,,,
-0.07562314323355677,,,135.6388811342701,,,,,,,
-0.06322895824994024,,,141.157319374776,,,,,,,,
-0.05015987693404246,,,146.6762187183853,,,,,,,
-0.03655559751784758,,,152.1956256934964,,,,,,,
-0.02256171807231586,,,157.715552361023,,,,,,,,
-0.008328206907800541,,163.235951641919,,,,,,,,
0.005992502709666579,,,168.7568156609869,,,,,,,
0.02024717797688452,,,,174.2781690089472,,,,,,,
0.03428327092116106,,,,179.7999962328809,,,,,,,
0.04795065648340664,,,,-174.6777260887918,,,,,,
0.06110316275132689,,,,-169.1550666726363,,,,,,
0.0736004735753156,,,,,-163.6319948971864,,,,,,
0.08530915482938652,,,,-158.1085709395032,,,,,,
0.09610434878063524,,,,-152.5848199450191,,,,,,
0.1058709667075292,,,,,-147.0607760691684,,,,,,
0.1145048356500169,,,,,-141.5365148836366,,,,,,
0.1219139568937128,,,,,-136.0120377979663,,,,,,
0.1280192011718611,,,,,-130.4874414318882,,,,,,
0.1327553475970976,,,,,-124.9627725826449,,,,,,
0.136071682391831,,,,,,-119.4380789462394,,,,,,
0.1379325306509459,,,,,-113.9134656517884,,,,,,
0.1383177184741568,,,,,-108.3889146387344,,,,,,
0.1372227150221592,,,,,-102.8644678079878,,,,,,
0.1346587833970142,,,,,-97.34019374458218,,,,,,
0.1306529035160544,,,,,-91.81613728984048,,,,,,
0.1252475626086728,,,,,-86.29236898135079,,,,,,
0.1185003254432678,,,,,-80.76893968375383,,,,,,
0.1104832036852303,,,,,-75.24585624117714,,,,,,
0.1012820345618865,,,,,-69.72317157541623,,,,,,
0.09099554487799297,,,,-64.20093918224224,,,,,,
0.07973415880492174,,,,-58.67914804168391,,,,,,
0.06761895099523896,,,,-53.15781154324326,,,,,,
0.05478045711198792,,,,-47.63701640246391,,,,,,
0.04135687419434289,,,,-42.11676496291807,,,,,,
0.02749258527940729,,,,-36.59702018564848,,,,,,
0.01333680960989637,,,,-31.07781229550048,,,,,,
-0.0009586075177664598,-25.559025617082,,,,,,,,
-0.01523985501072226,,,-20.04080148753499,,,,,,
-0.02935395110934322,,,-14.52311916873986,,,,,,
-0.04315014727898675,,,-9.005905131530685,,,,,,
-0.05648133703091092,,,-3.489122458294904,,,,,,
-0.06920566157758519,,,2.027234346567356,,,,,,,
-0.08118830455018376,,,7.543267997840261,,,,,,,
-0.09230236279724684,,,13.05893950420564,,,,,,,
-0.1024306991808872,,,,18.57431833918891,,,,,,,
-0.1114669090302367,,,,24.08950799518568,,,,,,,
-0.1193161661040942,,,,29.60452330136722,,,,,,,
-0.1258963377770995,,,,35.11938521264994,,,,,,,
-0.1311387963848848,,,,40.63416168300085,,,,,,,
-0.1349889208387078,,,,46.14882148888643,,,,,,,
-0.1374068084455318,,,,51.66349302711048,,,,,,,
-0.1383674175147867,,,,57.17814554883035,,,,,,,
-0.1378609275899101,,,,62.69292555872694,,,,,,,
-0.1358927589670837,,,,68.20781547783142,,,,,,,
-0.1324835513932365,,,,73.72288291723572,,,,,,,
-0.127669005450007,,,,,79.2381387808574,,,,,,,,
-0.1214994700695397,,,,84.75366123593682,,,,,,,
-0.1140394150309833,,,,90.26958068687438,,,,,,,
-0.105367095485975,,,,,95.78588648175626,,,,,,,
-0.09557370355652729,,,101.3025619992483,,,,,,,
-0.08476223047210034,,,106.8197063580158,,,,,,,
-0.07304677825310583,,,112.3373380466948,,,,,,,
-0.06055132607278942,,,117.8554598123665,,,,,,,
-0.04740824032139368,,,123.3741511774049,,,,,,,
-0.03375755475468281,,,128.8932904899937,,,,,,,
-0.01974451193269968,,,134.4129635507298,,,,,,,
-0.005518692751549812,,139.9331723921046,,,,,,,
0.008767677881740363,,,145.4538698290242,,,,,,,
0.0229617893872054,,,,,150.9751095069014,,,,,,,
0.03691120033553315,,,,156.4967590046359,,,,,,,
0.05046645312572699,,,,162.0188598050941,,,,,,,
0.06348214055097416,,,,167.5413983019617,,,,,,,
0.07581851687765033,,,,173.0642968670481,,,,,,,
0.08734343605154021,,,,178.5875896660219,,,,,,,
0.09793330125872758,,,,-175.8887998548964,,,,,,
0.107474786399174,,,,,,-170.3648815159241,,,,,,
0.11586580234651,,,,,,,-164.8407265807677,,,,,,
0.1230168006752481,,,,,-159.3163297725725,,,,,,
0.1288514713107455,,,,,-153.7917608867372,,,,,,
0.1333076748231439,,,,,-148.2670670286536,,,,,,
0.1363380116728342,,,,,-142.7423270812877,,,,,,
0.137910334290767,,,,,,-137.2175910642524,,,,,,
0.1380080223658429,,,,,-131.6929786672101,,,,,,
0.1366301293517734,,,,,-126.1684442696008,,,,,,
0.1337913397595143,,,,,-120.6440696969965,,,,,,
0.1295218572772301,,,,,-115.1199369763065,,,,,,
0.1238670218889014,,,,,-109.5960706428619,,,,,,
0.1168868208710936,,,,,-104.0724696979066,,,,,,
0.1086554770073352,,,,,-98.54924489541042,,,,,,
0.0992605473871363,,,,,-93.02646577760747,,,,,,
0.08880187951919002,,,,-87.50410477557273,,,,,,
0.07739086265735438,,,,-81.98220129343338,,,,,,
0.06514925499171602,,,,-76.46082169968361,,,,,,
0.05220756225302216,,,,-70.93990308977315,,,,,,
0.03870423802216288,,,,-65.41950952914453,,,,,,
0.02478392018589965,,,,-59.8996917817265,,,,,,,
0.01059569561395842,,,,-54.38042200850623,,,,,,
-0.003708362980480523,,-48.86165930273175,,,,,,
-0.01797459699965646,,,-43.34344985633987,,,,,,
-0.03204996746974798,,,-37.82572922903795,,,,,,
-0.0457833659114481,,,,-32.308471202498,,,,,,,,
-0.05902730516452315,,,-26.79168794854627,,,,,,
-0.07163975579205645,,,-21.2753540372641,,,,,,,
-0.0834856824821405,,,,-15.7594187544051,,,,,,,
-0.09443847904123523,,,-10.24382669840891,,,,,,
-0.1043812405796299,,,,-4.728581362623999,,,,,,
-0.1132083574715603,,,,0.7864361661868233,,,,,,
-0.120826198920521,,,,,6.301223052821907,,,,,,,
-0.1271544896506738,,,,11.8159168991838,,,,,,,,
-0.1321267231153809,,,,17.33050194501404,,,,,,,
-0.1356910896406178,,,,22.84498889770438,,,,,,,
-0.1378109343787579,,,,28.35946489235153,,,,,,,
-0.138464964169073,,,,,33.87397600343749,,,,,,,
-0.1376474446261932,,,,39.38851484662797,,,,,,,
-0.1353681682818615,,,,44.90316833202434,,,,,,,
-0.1316522174479743,,,,50.4180372304134,,,,,,,,
-0.1265397360993686,,,,55.93312925911769,,,,,,,
-0.1200854553939966,,,,61.44845621500136,,,,,,,
-0.1123579810165803,,,,66.96410386061659,,,,,,,
-0.1034392679903412,,,,72.4800688997487,,,,,,,,
-0.09342360921384049,,,77.99639587431693,,,,,,,
-0.08241649858528981,,,83.51324188890486,,,,,,,
-0.07053427916198426,,,89.03052212934392,,,,,,,
-0.05790232436133543,,,94.54826702824145,,,,,,,
-0.04465380089109947,,,100.0665821567489,,,,,,,
-0.03092890469978685,,,105.5854104609583,,,,,,,
-0.01687292916155437,,,111.104757014157,,,,,,,,
-0.002634743443649704,,116.6246939808237,,,,,,,
0.01163414517646557,,,,122.1451273211166,,,,,,,
0.02578181930042105,,,,127.6660454787322,,,,,,,
0.03965730765873797,,,,133.1874161271963,,,,,,,
0.05311250668445148,,,,138.7093063812387,,,,,,,
0.06600314730211095,,,,144.2316206375166,,,,,,,
0.07819108779407502,,,,149.7543881950976,,,,,,,
0.08954528914618583,,,,155.2775217885716,,,,,,,
0.09994375093521378,,,,160.8010288284201,,,,,,,
0.1092744973295496,,,,,166.3248229922098,,,,,,,
0.1174370903021452,,,,,171.8488430917759,,,,,,,
0.1243437764275716,,,,,177.3730934773318,,,,,,,
0.1299202614098565,,,,,-177.1024926994033,,,,,,
0.1341066570608973,,,,,-171.5779765957167,,,,,,
0.1368581436230977,,,,,-166.0533418128057,,,,,,
0.1381453114422403,,,,,-160.5286894108741,,,,,,
0.1379545675287612,,,,,-155.004040911878,,,,,,,
0.1362881762544058,,,,,-149.4794362166363,,,,,,
0.1331642929146538,,,,,-143.9550510404696,,,,,,
0.1286165356309698,,,,,-138.4308204678033,,,,,,
0.1226937583888698,,,,,-132.9068462962581,,,,,,
0.1154593627878078,,,,,-127.3831648446329,,,,,,
0.1069907722239159,,,,,-121.8599048452966,,,,,,
0.09737815019452271,,,,-116.336996844402,,,,,,,
0.08672391767111372,,,,-110.814507809402,,,,,,,
0.07514144959714879,,,,-105.2924771514476,,,,,,
0.06275394647929307,,,,-99.77094930052029,,,,,,
0.04969311067114072,,,,-94.2499515431807,,,,,,,
0.03609769788499888,,,,-88.72946087204973,,,,,,
0.02211227825900375,,,,-83.20948363632014,,,,,,
0.007885787988902654,,,-77.69006562695643,,,,,,
-0.00643039337043217,,,-72.17114433286432,,,,,,
-0.02068336952878121,,,-66.65280303488426,,,,,,
-0.03472103558210927,,,-61.13500101384112,,,,,,
-0.0483934831422755,,,,-55.61765164948089,,,,,,
-0.06155410889774407,,,-50.10082638221775,,,,,,
-0.07406213342026167,,,-44.58437326964328,,,,,,
-0.0857830486457495,,,,-39.06838426691765,,,,,,
-0.09659105028241373,,,-33.55279204833104,,,,,,
-0.1063701270942386,,,,-28.03748419568253,,,,,,
-0.1150150100212701,,,,-22.52251200618687,,,,,,
-0.122432939841589,,,,,-17.00776204580803,,,,,,
-0.1285443031073581,,,,-11.49318524985468,,,,,,
-0.1332836407925146,,,,-5.978739636717477,,,,,,
-0.1366003862279032,,,,-0.4643834049493822,,,,,
-0.1384594193030268,,,,5.049957431129713,,,,,,,
-0.1388413895619468,,,,10.56431618678738,,,,,,,
-0.1377429185789536,,,,16.07876024347062,,,,,,,
-0.1351765859853076,,,,21.59331306173852,,,,,,,
-0.131170702753297,,,,,27.10805324437893,,,,,,,
-0.1257690086843424,,,,32.62298304010934,,,,,,,
-0.1190300659338554,,,,38.1381442297428,,,,,,,,
-0.1110265987940991,,,,43.65356021523568,,,,,,,
-0.1018445008226289,,,,49.16933064370536,,,,,,,
-0.0915820422521644,,,,54.68550101369409,,,,,,,
-0.08034888578916329,,,60.20204129638896,,,,,,,
-0.06826455394034879,,,65.71902459333893,,,,,,,
-0.05545742252187468,,,71.23648418090168,,,,,,,
-0.04206325886639967,,,76.75447348799621,,,,,,,
-0.02822398974046523,,,82.27299716529801,,,,,,,
-0.01408607271952505,,,87.79208721947887,,,,,,,
0.0002007083819334827,,93.31169457678861,,,,,,,
0.0144852012187553,,,,,98.83184536566299,,,,,,,
0.02861592036297265,,,,104.3524751335475,,,,,,,
0.04244323786306039,,,,109.8736511681932,,,,,,,
0.05582011446890608,,,,115.395269050867,,,,,,,,
0.06860434590035368,,,,120.9173344214879,,,,,,,
0.08065980662953409,,,,126.4398728319534,,,,,,,
0.09185760519209168,,,,131.9627910867253,,,,,,,
0.102077788782624,,,,,,137.4860001754886,,,,,,,
0.1112108825639416,,,,,143.0095562604536,,,,,,,
0.1191586134904946,,,,,148.5334024225261,,,,,,,
0.1258352931878266,,,,,154.0575113986539,,,,,,,
0.1311686403908063,,,,,159.5817384537011,,,,,,,
0.1351009575336115,,,,,165.1061476627543,,,,,,,
0.1375894379733486,,,,,170.6306924089761,,,,,,,
0.1386068153868768,,,,,176.1552202343327,,,,,,,
0.1381417796168607,,,,,-178.3202801908041,,,,,,
0.1361989898624124,,,,,-172.7958069307294,,,,,,
0.1327990641348258,,,,,-167.2714191751155,,,,,,
0.127978415915375,,,,,,-161.7472300827475,,,,,,
0.121788706132582,,,,,,-156.2232515453177,,,,,,
0.1142964171801024,,,,,-150.6995944516523,,,,,,
0.105581820317432,,,,,,-145.1762420308215,,,,,,
0.09573827829692674,,,,-139.6532372974387,,,,,,
0.08487121568076869,,,,-134.1306620246416,,,,,,
0.07309684124798004,,,,-128.6085747016662,,,,,,
0.06054061436745994,,,,-123.0869100582539,,,,,,
0.04733643488421903,,,,-117.5657334942388,,,,,,
0.03362477132657449,,,,-112.0450356892052,,,,,,
0.01955165243824297,,,,-106.5249289782855,,,,,,
0.005266405330332437,,,-101.0053541448234,,,,,,
-0.009079328105723051,,-95.48630772896942,,,,,,
-0.02333330924511563,,,-89.96777717625761,,,,,,
-0.03734409332638727,,,-84.44980786757995,,,,,,
-0.05096312535602566,,,-78.9322881093359,,,,,,,
-0.06404541233157976,,,-73.41528928070926,,,,,,
-0.07645180619030315,,,-67.89875142594254,,,,,,
-0.08805012490920279,,,-62.38260780351575,,,,,,
-0.09871634311132566,,,-56.866889587722,,,,,,,,
-0.1083363012071774,,,,-51.35154858529598,,,,,,
-0.1168068304808701,,,,-45.83648844885095,,,,,,
-0.1240366329712624,,,,-40.32173759502724,,,,,,
-0.129947730178312,,,,,-34.80716133056947,,,,,,
-0.1344759565776055,,,,-29.29276114045449,,,,,,
-0.137571979797574,,,,,-23.77846077208796,,,,,,
-0.1392017821189978,,,,-18.26421234541584,,,,,,
-0.1393471157046439,,,,-12.74988793672166,,,,,,
-0.1380057497027662,,,,-7.235556037044619,,,,,,
-0.1351915748286381,,,,-1.721135531773035,,,,,,
-0.1309344274893547,,,,3.793437803775579,,,,,,,
-0.1252797764918853,,,,9.308227316972969,,,,,,,
-0.1182883566224354,,,,14.82319711259584,,,,,,,
-0.1100351897125629,,,,20.33846444181023,,,,,,,
-0.1006090000393867,,,,25.85405585659625,,,,,,,
-0.09011105699184388,,,31.37002806921849,,,,,,,
-0.07865407418387095,,,36.88643073962629,,,,,,,
-0.0663612755757198,,,,42.40316128775936,,,,,,,
-0.05336396817594606,,,47.92043728406929,,,,,,,
-0.03980148911777056,,,53.43816171005522,,,,,,,
-0.02581849880425837,,,58.95644152485799,,,,,,,
-0.01156419415555245,,,64.47526019303393,,,,,,,
0.002809598281357008,,,69.99460878196609,,,,,,,
0.01714997989071665,,,,75.5144658936528,,,,,,,,
0.03130461273314737,,,,81.03480990398791,,,,,,,
0.0451232632534709,,,,,86.55560484566404,,,,,,,
0.0584595827695944,,,,,92.07689829378874,,,,,,,
0.07117213639099942,,,,97.5986352832186,,,,,,,,
0.08312621085072255,,,,103.1208076079814,,,,,,,
0.09419498426702401,,,,108.6433666610503,,,,,,,
0.1042609517497987,,,,,114.1662796837512,,,,,,,
0.1132171812745523,,,,,119.6895694803233,,,,,,,
0.1209682031472293,,,,,125.213189076144,,,,,,,,
0.1274310782059944,,,,,130.7370058486637,,,,,,,
0.1325366104961073,,,,,136.2610631239438,,,,,,,
0.1362297200862933,,,,,141.7852535387703,,,,,,,
0.1384703525752136,,,,,147.3096307092131,,,,,,,
0.1392337469741549,,,,,152.8339843814026,,,,,,,
0.138510989097356,,,,,,158.3583118094054,,,,,,,
0.1363089739390055,,,,,163.8826608517556,,,,,,,
0.1326505146659595,,,,,169.4068878527973,,,,,,,
0.1275740840220569,,,,,174.9309557086008,,,,,,,
0.1211333657809803,,,,,-179.5451172076492,,,,,,
0.1133969273124348,,,,,-174.0214496948184,,,,,,
0.1044473875177295,,,,,-168.4981493847299,,,,,,
0.09438023230304959,,,,-162.9751754321015,,,,,,
0.08330318546035588,,,,-157.4526092447438,,,,,,
0.07133467922274664,,,,-151.9304562672084,,,,,,
0.05860280457416818,,,,-146.4087836829091,,,,,,
0.04524345584484982,,,,-140.8875292142062,,,,,,
0.03139941220419424,,,,-135.3667547005237,,,,,,
0.01721840751883054,,,,-129.8464855982078,,,,,,
0.002851635850752536,,,-124.3267603343662,,,,,,
-0.01154805844729089,,,-118.8075621417738,,,,,,
-0.0258276494246953,,,,-113.2888812732889,,,,,,
-0.03983546886384021,,,-107.7707431863471,,,,,,
-0.05342300138504087,,,-102.2531253373453,,,,,,
-0.06644628820526488,,,-96.73600528306272,,,,,,
-0.07876740380155681,,,-91.21935829048343,,,,,,
-0.09025595501514801,,,-85.70310820345584,,,,,,
-0.1007900650744795,,,,-80.18728856414765,,,,,,
-0.1102581113755008,,,,-74.67179489393699,,,,,,
-0.1185593892535965,,,,-69.15662661228629,,,,,,
-0.1256054675278219,,,,-63.64170833469573,,,,,,
-0.131320905911877,,,,,-58.12702392541291,,,,,,
-0.135644181645481,,,,,-52.61254585883922,,,,,,
-0.1385283868509273,,,,-47.09816066834842,,,,,,
-0.1399416357454606,,,,-41.58385763541848,,,,,,
-0.1398675750378272,,,,-36.06954478664885,,,,,,
-0.1383055752632789,,,,-30.55517388949218,,,,,,
-0.1352708591664314,,,,-25.04071350339764,,,,,,
-0.1307944559517418,,,,-19.52616169058601,,,,,,
-0.124922898013681,,,,,-14.01147353814338,,,,,,
-0.1177176754037233,,,,-8.496518350723887,,,,,,
-0.1092549147616053,,,,-2.98131046552734,,,,,,,
-0.09962443053858268,,,2.534170434524664,,,,,,,
-0.08892868270025474,,,8.050006278512527,,,,,,,
-0.07728185246337421,,,13.56623381343345,,,,,,,
-0.06480856315060814,,,19.08287502729176,,,,,,,
-0.0516424587915309,,,,24.59995832280403,,,,,,,
-0.03792462451631241,,,30.11755214371177,,,,,,,
-0.0238023963347986,,,,35.63561000130594,,,,,,,
-0.009427247232695878,,41.15416062467948,,,,,,,
0.005046829036791349,,,46.67327216580478,,,,,,,
0.01946475503175243,,,,52.19295033658413,,,,,,,
0.03367193676253823,,,,57.71308341613482,,,,,,,
0.04751666656290637,,,,63.23371585633334,,,,,,,
0.06085103569159955,,,,68.75476434325961,,,,,,,
0.07353304438819509,,,,74.27622799312296,,,,,,,
0.08542785641790374,,,,79.79809709292246,,,,,,,
0.09640914394789028,,,,85.32032437787761,,,,,,,
0.1063606519556147,,,,,90.84296618401368,,,,,,,
0.1151769570071146,,,,,96.36597468222898,,,,,,,
0.1227647588453076,,,,,101.8893032673751,,,,,,,
0.1290437527037391,,,,,107.4128518714729,,,,,,,
0.1339475983798818,,,,,112.9366049928301,,,,,,,
0.1374244281172433,,,,,118.4605403323378,,,,,,,
0.1394373693683596,,,,,123.9846131774426,,,,,,,
0.1399649516344823,,,,,129.5087539360378,,,,,,,
0.1390013594333418,,,,,135.0329086889465,,,,,,,
0.1365564928854044,,,,,140.5570404858265,,,,,,,
0.13265587486788,,,,,,,146.0811297271904,,,,,,,
0.1273404959407373,,,,,151.6050901816503,,,,,,,
0.12066637177762,,,,,,,157.1288767873292,,,,,,,
0.1127040919201765,,,,,162.6523947100267,,,,,,,
0.1035379848632172,,,,,168.175605884571,,,,,,,,
0.09326529027700381,,,,173.6984827273522,,,,,,,
0.08199513044362845,,,,179.2210151337102,,,,,,,
0.06984748301311976,,,,-175.2568469146434,,,,,,
0.05695182092692291,,,,-169.7351462433773,,,,,,
0.04344567397734011,,,,-164.2139042533061,,,,,,
0.02947305682582358,,,,-158.6930957167549,,,,,,
0.01518322283216861,,,,-153.172779522288,,,,,,,
0.0007286881969213942,,-147.652973409059,,,,,,,
-0.01373645083909646,,,-142.1336018667746,,,,,,
-0.02805779284669391,,,-136.6147609221667,,,,,,
-0.04208284237817118,,,-131.0964105813848,,,,,,
-0.05566235323274812,,,-125.5785466928789,,,,,,
-0.06865186265580699,,,-120.061224898203,,,,,,,
-0.08091360533302371,,,-114.5444050902587,,,,,,
-0.09231771295769486,,,-109.028045018566,,,,,,,
-0.1027436180733391,,,,-103.5120648816242,,,,,,
-0.1120811095859,,,,,,,-97.9964331968789,,,,,,,
-0.1202315501542268,,,,-92.48112307170695,,,,,,
-0.127108815011407,,,,,-86.96615773586633,,,,,,
-0.132640425000077,,,,,-81.45136124755948,,,,,,
-0.1367677602377539,,,,-75.93675847919312,,,,,,
-0.1394469965952117,,,,-70.42227253050579,,,,,,
-0.1406493981517462,,,,-64.90781661441527,,,,,,
-0.1403616123525239,,,,-59.39339131723586,,,,,,
-0.1385858978081597,,,,-53.87899972181991,,,,,,
-0.1353400368186029,,,,-48.36451705479797,,,,,,
-0.1306572181958562,,,,-42.84988739592793,,,,,,
-0.1245858317797508,,,,-37.33511672284775,,,,,,
-0.1171888760043027,,,,-31.82011476335008,,,,,,
-0.1085435939788685,,,,-26.30489380236497,,,,,,
-0.09874043748483805,,,-20.78934836598664,,,,,,
-0.08788265135709891,,,-15.2735378361812,,,,,,,
-0.07608469516714048,,,-9.757370904343277,,,,,,
-0.06347151541360591,,,-4.240842997616274,,,,,,
-0.05017685903927533,,,1.276148847310043,,,,,,,
-0.03634231804411781,,,6.793608167498609,,,,,,,
-0.02211567069580184,,,12.31151267955382,,,,,,,
-0.007649031838917678,,17.82990699138052,,,,,,,
0.006902696973373155,,,23.34885136750537,,,,,,,
0.02138323944162357,,,,28.86830763466082,,,,,,,
0.03563702982899165,,,,34.38826787782359,,,,,,,
0.04951094309438182,,,,39.90874941876179,,,,,,,
0.06285586497117583,,,,45.42973741555851,,,,,,,
0.07552828284133856,,,,50.95114354458889,,,,,,,
0.08739212038556406,,,,56.47289400508446,,,,,,,
0.09832040301644178,,,,61.99501661298071,,,,,,,
0.1081962222107505,,,,,67.51744717477077,,,,,,,
0.1169143163211998,,,,,73.04019308223606,,,,,,,
0.1243819477134269,,,,,78.56321116165348,,,,,,,
0.1305199300829742,,,,,84.08642727111135,,,,,,,
0.1352635830404838,,,,,89.60990574822304,,,,,,,
0.138563032413333,,,,,,95.13353949117567,,,,,,,
0.1403839406829143,,,,,100.6572894012591,,,,,,,
0.1407077148954683,,,,,106.1811334694027,,,,,,,
0.1395316464685591,,,,,111.7049735548163,,,,,,,
0.1368688479983416,,,,,117.2288584203627,,,,,,,
0.1327481553779785,,,,,122.7526646340643,,,,,,,
0.1272137109469178,,,,,128.2763699475547,,,,,,,
0.1203245227207165,,,,,133.799931838601,,,,,,,,
0.1121539306409637,,,,,139.3232504877265,,,,,,,
0.1027885517209251,,,,,144.8463695376981,,,,,,,
0.09232786100585741,,,,150.369168286669,,,,,,,,
0.08088277323838972,,,,155.8916229747273,,,,,,,
0.06857479931187134,,,,161.4136440150063,,,,,,,
0.05553442194788753,,,,166.9352512879096,,,,,,,
0.04190000324257754,,,,172.4564466754543,,,,,,,
0.02781653813701046,,,,177.977146355647,,,,,,,,
0.01343363859941168,,,,-176.5026212375465,,,,,,
-0.001095771604385029,,-170.9828320186721,,,,,,
-0.01561685520807528,,,-165.4635531348852,,,,,,
-0.02997515934766606,,,-159.9447030213071,,,,,,
-0.0440175826722299,,,,-154.4263218382631,,,,,,
-0.05759459300561096,,,-148.9083598040797,,,,,,
-0.07056141363777371,,,-143.3908558615991,,,,,,
-0.08278003549869159,,,-137.8737634693186,,,,,,
-0.09412032153009332,,,-132.3571251995824,,,,,,
-0.1044617823383359,,,,-126.8409127768639,,,,,,
-0.1136946300203987,,,,-121.3251433976811,,,,,,
-0.1217212238146855,,,,-115.8097098472941,,,,,,
-0.1284567795509645,,,,-110.2945356346102,,,,,,
-0.1338302563011555,,,,-104.7795891214739,,,,,,
-0.1377851340276759,,,,-99.26486146574743,,,,,,
-0.1402800334844926,,,,-93.75023212031172,,,,,,
-0.1412889360521059,,,,-88.23568003660287,,,,,,
-0.1408015070253897,,,,-82.72116893859649,,,,,,
-0.1388231209629245,,,,-77.20663005445539,,,,,,
-0.1353747862937168,,,,-71.69205563241802,,,,,,
-0.1304928159965877,,,,-66.17734615198769,,,,,,
-0.1242284114983403,,,,-60.66238945328077,,,,,,
-0.1166473381866183,,,,-55.14720973830954,,,,,,
-0.1078290903974593,,,,-49.63177820369611,,,,,,
-0.09786614441187895,,,-44.11607219195766,,,,,,
-0.08686303758661215,,,-38.60007205621538,,,,,,
-0.07493545887393918,,,-33.08381674605643,,,,,,
-0.06220864569390502,,,-27.56719472233032,,,,,,
-0.0488166768905614,,,,-22.05020125532483,,,,,,
-0.03490080180791925,,,-16.53278492434978,,,,,,
-0.0206082429004457,,,,-11.0149435924578,,,,,,,
-0.006090540674116083,,-5.496663351963933,,,,,,
0.00849824562545467,,,,0.02216477493603896,,,,,
0.02300251605852755,,,,5.541501299363366,,,,,,,
0.037267162272245,,,,,,11.06129633515389,,,,,,,
0.05113956229510481,,,,16.58160881810864,,,,,,,
0.06447073408281968,,,,22.10240218934213,,,,,,,
0.07711737872013,,,,,,,27.62369542538341,,,,,,,
0.08894320174742508,,,,33.14543979364336,,,,,,,
0.09982060963957194,,,,38.66757138940703,,,,,,,
0.1096322121219146,,,,,44.19002879353807,,,,,,,
0.1182720781112534,,,,,49.71269481767744,,,,,,,
0.1256472436457885,,,,,55.23559126304461,,,,,,,
0.131678400715713,,,,,,60.75867741470023,,,,,,,
0.1363009080923703,,,,,66.28193492984428,,,,,,,
0.1394654247672847,,,,,71.8052895650837,,,,,,,,
0.1411385232866187,,,,,77.32877905394966,,,,,,,
0.1413028788160842,,,,,82.85235029094223,,,,,,,
0.1399574971055724,,,,,88.37592504826721,,,,,,,
0.1371176201173877,,,,,93.89950872087594,,,,,,,
0.1328145178128961,,,,,99.42303365491351,,,,,,,
0.1270950703924897,,,,,104.9464466881166,,,,,,,
0.1200211608974746,,,,,110.4697185801415,,,,,,,
0.1116690185170877,,,,,115.9927843055555,,,,,,,
0.1021282052369244,,,,,121.5156461442755,,,,,,,
0.09150081453809933,,,,127.0382467999461,,,,,,,
0.07990027397868509,,,,132.5605391199895,,,,,,,
0.06745009878502457,,,,138.0824991145882,,,,,,,
0.05428281757609513,,,,143.6040288152566,,,,,,,
0.04053823022327283,,,,149.1251157773857,,,,,,,
0.02636207794482008,,,,154.6457719589481,,,,,,,
0.01190489492506208,,,,160.1658996513037,,,,,,,
-0.002680369801449039,,165.6856111439715,,,,,,,
-0.01723901061560444,,,171.2048757646359,,,,,,,
-0.03161645120767925,,,176.7236294854401,,,,,,,
-0.04566034462704646,,,-177.7580385250017,,,,,,
-0.05922155402952746,,,-172.2401215381758,,,,,,
-0.07215597625730202,,,-166.7226039082937,,,,,,
-0.08432618459771708,,,-161.2054130957201,,,,,,
-0.09560237437216526,,,-155.6886723236285,,,,,,
-0.105864843155476,,,,,-150.172196194913,,,,,,,
-0.1150041370006458,,,,-144.6560536862263,,,,,,
-0.122922844479524,,,,,-139.1403209241331,,,,,,
-0.1295368598127521,,,,-133.6249277246156,,,,,,
-0.1347760467493219,,,,-128.1097655928047,,,,,,
-0.1385848685619823,,,,-122.5948313770504,,,,,,
-0.1409231700427904,,,,-117.0800533946323,,,,,,
-0.1417665010803831,,,,-111.5654260286415,,,,,,
-0.14110639138283,,,,,,-106.0508142877922,,,,,,
-0.1389503343278829,,,,-100.5361570238911,,,,,,
-0.1353216903235784,,,,-95.02137824278451,,,,,,
-0.1302593886342222,,,,-89.50640759447721,,,,,,
-0.1238176717611646,,,,-83.99133787646839,,,,,,
-0.1160651689102202,,,,-78.47610095331611,,,,,,
-0.1070841611593641,,,,-72.96060077589554,,,,,,
-0.09696983764682331,,,-67.44480977778353,,,,,,
-0.08582901662392906,,,-61.92861503868646,,,,,,
-0.07377952147741586,,,-56.41207322212441,,,,,,
-0.06094853538074672,,,-50.89518136152215,,,,,,
-0.04747151526488427,,,-45.37798686309268,,,,,,
-0.03349036084251814,,,-39.86040630296366,,,,,,
-0.01915243835423247,,,-34.34242149404685,,,,,,
-0.004609028413742905,,-28.82404524202003,,,,,,
0.009986540917900771,,,-23.30519177857974,,,,,,
0.02447994835515876,,,,-17.78586459857159,,,,,,
0.03871758926675199,,,,-12.26610403230289,,,,,,
0.05254840550607534,,,,-6.745892161612037,,,,,,
0.06582537087037062,,,,-1.225180199135786,,,,,,
0.07840675860320019,,,,4.295994578103372,,,,,,,
0.09015782480187025,,,,9.817562003540207,,,,,,,
0.1009525365502202,,,,,15.33953940712716,,,,,,,
0.1106747184895511,,,,,20.86192647609828,,,,,,,
0.1192193020554626,,,,,26.38465336336574,,,,,,,
0.1264937720636969,,,,,31.90771653391525,,,,,,,
0.1324189077362175,,,,,37.43090258797271,,,,,,,
0.1369302879106828,,,,,42.95422450083546,,,,,,,
0.1399786422269422,,,,,48.47760083956456,,,,,,,
0.141530593903809,,,,,,54.00100135820748,,,,,,,
0.1415690003602964,,,,,59.52444430813659,,,,,,,
0.1400931760539828,,,,,65.04780993375336,,,,,,,
0.1371188891997487,,,,,70.57114694303138,,,,,,,
0.1326781877893539,,,,,76.09442056214981,,,,,,,
0.1268190712301445,,,,,81.61756377977561,,,,,,,
0.1196048007575237,,,,,87.14059025962882,,,,,,,
0.111113337787201,,,,,,92.66342521895139,,,,,,,
0.1014363516180791,,,,,98.18600319797042,,,,,,,
0.09067798455732681,,,,103.7083465082521,,,,,,,
0.07895395869927078,,,,109.2303945747627,,,,,,,
0.06639002336436181,,,,114.7521405137982,,,,,,,
0.0531206835378453,,,,,120.2735646981811,,,,,,,
0.03928777636679428,,,,125.7946200970466,,,,,,,
0.0250389623326966,,,,,131.3152283081263,,,,,,,
0.01052587848496792,,,,136.8353837563752,,,,,,,
-0.004097158657894388,,142.3550341849696,,,,,,,
-0.01867512896911834,,,147.8742206836065,,,,,,,
-0.03305362788318954,,,153.3929723664639,,,,,,,
-0.04708033145100766,,,158.9112609855867,,,,,,,
-0.06060690120483613,,,164.429135689581,,,,,,,,
-0.07349019333492979,,,169.946603487548,,,,,,,,
-0.08559395875194892,,,175.4637262939048,,,,,,,
-0.09678995335261559,,,-179.0195103769566,,,,,,
-0.1069595328406307,,,,-173.5030881818796,,,,,,
-0.1159948644195689,,,,-167.9869647597501,,,,,,
-0.1238000539530268,,,,-162.4710739304132,,,,,,
-0.1302921131877835,,,,-156.9553664556826,,,,,,
-0.1354018514692806,,,,-151.4398618007075,,,,,,
-0.1390747822695325,,,,-145.9245721150535,,,,,,
-0.1412717613033297,,,,-140.4094251987739,,,,,,
-0.1419693343414616,,,,-134.8944745936274,,,,,,
-0.1411600982042905,,,,-129.3795618641213,,,,,,
-0.1388527568771677,,,,-123.8647488991673,,,,,,
-0.1350719383262723,,,,-118.3498281386069,,,,,,
-0.1298581252418888,,,,-112.8348319112267,,,,,,
-0.1232670147953609,,,,-107.319649653147,,,,,,,
-0.1153690748797285,,,,-101.8042550752876,,,,,,
-0.1062487244424725,,,,-96.28863185638151,,,,,,
-0.09600321879487998,,,-90.77268299352747,,,,,,
-0.084741860099562,,,,,-85.25640574545361,,,,,,
-0.07258444429525909,,,-79.73970494675143,,,,,,
-0.05966055730533912,,,-74.22267657047263,,,,,,
-0.04610701226596919,,,-68.70510200286911,,,,,,
-0.03206805919306008,,,-63.18716073054235,,,,,,
-0.01769227868818071,,,-57.66877481948445,,,,,,
-0.00313219106884054,,,-52.15008294625577,,,,,,
0.01145847230229874,,,,-46.63100305998571,,,,,,
0.02592563663147003,,,,-41.11150916571975,,,,,,
0.04011649372350576,,,,-35.59161617677625,,,,,,
0.05388115925814575,,,,-30.07134140427649,,,,,,
0.06707438063367537,,,,-24.5506243478972,,,,,,,
0.07955653308923734,,,,-19.02951989552289,,,,,,
0.09119560190306614,,,,-13.50795730522609,,,,,,
0.1018678890853963,,,,,-7.986032883506616,,,,,,
0.1114599305101987,,,,,-2.463712734554238,,,,,,
0.1198691552717762,,,,,3.05888110604333,,,,,,,,
0.1270055234926225,,,,,8.581780928927541,,,,,,,
0.1327921822583952,,,,,14.10500606594993,,,,,,,
0.1371662622635249,,,,,19.62843696312626,,,,,,,
0.140079868430546,,,,,,25.15199364742507,,,,,,,
0.1415006224320412,,,,,30.67562128685563,,,,,,,
0.141412085435502,,,,,,36.19914559038944,,,,,,,
0.1398140408245732,,,,,41.72261152771514,,,,,,,
0.1367225126933261,,,,,47.245947922151,,,,,,,,,
0.1321696780338456,,,,,52.76911617613317,,,,,,,
0.1262035189593617,,,,,58.29212146921638,,,,,,,
0.1188873887663034,,,,,63.81494399804094,,,,,,,
0.1102993634518052,,,,,69.33754788943149,,,,,,,
0.1005313756812349,,,,,74.85990164115424,,,,,,,
0.08968829687154539,,,,80.38192791919387,,,,,,,
0.07788637129768823,,,,85.90369781863106,,,,,,,
0.06525245482278046,,,,91.42514868968806,,,,,,,
0.05192217769048225,,,,96.94628916162485,,,,,,,
0.03803865723538345,,,,102.4670887433237,,,,,,,
0.02375082004988836,,,,107.9875135310696,,,,,,,
0.009211637021518199,,,113.507566054606,,,,,,,,
-0.005423400582651502,,119.0272216860544,,,,,,,
-0.01999803456022725,,,124.5464512793866,,,,,,,
-0.03435684938705062,,,130.0651907020131,,,,,,,
-0.04834720717387585,,,135.5834463102466,,,,,,,
-0.06182068628526246,,,141.1012346155307,,,,,,,
-0.07463462009972677,,,146.6185848405895,,,,,,,
-0.08665367965870828,,,152.1356004777512,,,,,,,
-0.09775064027077765,,,157.6521764171894,,,,,,,
-0.107808733901454,,,,,163.1685086750609,,,,,,,
-0.1167217405911107,,,,168.6845701109016,,,,,,,
-0.1243956353454225,,,,174.2003803490284,,,,,,,
-0.1307494515662738,,,,179.715962591856,,,,,,,,
-0.1357161919693771,,,,-174.7685504917497,,,,,,
-0.1392432829094154,,,,-169.2531198458072,,,,,,
-0.141293266041532,,,,,-163.7377685784091,,,,,,
-0.1418442982849794,,,,-158.2224373621468,,,,,,
-0.1408903767295209,,,,-152.7072076827684,,,,,,
-0.1384414729473119,,,,-147.1920185231025,,,,,,
-0.1345234108946038,,,,-141.6768191976815,,,,,,
-0.1291776294087997,,,,-136.1615468438685,,,,,,
-0.1224607550273191,,,,-130.6461148624241,,,,,,
-0.1144441468541575,,,,-125.1305007668631,,,,,,
-0.1052131244014277,,,,-119.6146837345079,,,,,,
-0.09486599706014932,,,-114.0986089106782,,,,,,
-0.08351284297725153,,,-108.582124496095,,,,,,,
-0.07127514679892825,,,-103.0653756435143,,,,,,
-0.05828306738068957,,,-97.54813326461279,,,,,,
-0.04467554660136297,,,-92.03049937800671,,,,,,
-0.03059766031037911,,,-86.51240680887553,,,,,,
-0.01619960266918071,,,-80.99386785163635,,,,,,
-0.001634705944335834,,-75.47484095355945,,,,,,
0.01294195160699408,,,,-69.95533933473531,,,,,,
0.02737519689642539,,,,-64.43544224189621,,,,,,
0.04151184485882423,,,,-58.91513891543842,,,,,,
0.0552019339770664,,,,,-53.39448013503874,,,,,,
0.06830056098423294,,,,-47.87347792383156,,,,,,
0.08066935827840525,,,,-42.35210770982833,,,,,,
0.09217776894292483,,,,-36.83036323464658,,,,,,
0.1027041780814032,,,,,-31.30836588057727,,,,,,
0.1121377804303326,,,,,-25.78603859203403,,,,,,
0.1203789985021021,,,,,-20.26345617165026,,,,,,
0.1273409635536234,,,,,-14.74055857013877,,,,,,
0.132949978368165,,,,,,-9.217422930935244,,,,,,
0.1371465628807364,,,,,-3.694048986537253,,,,,,
0.1398859093559165,,,,,1.829483586564665,,,,,,,
0.1411384737073305,,,,,7.353103574675147,,,,,,,
0.1408902934139137,,,,,12.87679673321224,,,,,,,
0.1391431386958407,,,,,18.40052425874673,,,,,,,
0.135914655037468,,,,,,23.92412878999491,,,,,,,
0.1312382456196622,,,,,29.44749672911916,,,,,,,
0.1251626925568262,,,,,34.97059195318605,,,,,,,
0.1177516153398208,,,,,40.49345878101154,,,,,,,
0.1090831028883647,,,,,46.01602991436473,,,,,,,
0.09924867857991623,,,,51.53833756053736,,,,,,,
0.08835274458352274,,,,57.06028802655366,,,,,,,
0.07651111933486275,,,,62.58188627504349,,,,,,,
0.06384993865133769,,,,68.10314858436377,,,,,,,
0.05050437398052354,,,,73.62407301404467,,,,,,,
0.03661717469692542,,,,79.144640474127,,,,,,,,,
0.02233709122005288,,,,84.66482048028513,,,,,,,
0.007816961487932856,,,90.18467131771597,,,,,,,
-0.006787239259031927,,95.70405244441096,,,,,,,
-0.02131928680523553,,,101.2230616370934,,,,,,,
-0.03562347921132866,,,106.7416664695522,,,,,,,
-0.04954697533305737,,,112.2599410766754,,,,,,,
-0.06294085396550984,,,117.7778230471026,,,,,,,
-0.07566223435196932,,,123.2953034234635,,,,,,,
-0.0875755536665833,,,,128.8123126883989,,,,,,,
-0.09855452878393352,,,134.3289649466117,,,,,,,
-0.1084827951418816,,,,139.8452524130766,,,,,,,
-0.1172555389231605,,,,145.361261486657,,,,,,,,
-0.1247802696339748,,,,150.877023824039,,,,,,,,
-0.1309778739895364,,,,156.3925893550519,,,,,,,
-0.1357833367965726,,,,161.907982774876,,,,,,,,
-0.1391464522626256,,,,167.4233099434054,,,,,,,
-0.1410321551986497,,,,172.9385701529548,,,,,,,
-0.1414209814970769,,,,178.4538308612808,,,,,,,
-0.1403091651700719,,,,-176.0308021777348,,,,,,
-0.1377087570894486,,,,-170.515417577045,,,,,,,
-0.1336473592030192,,,,-164.9998333018088,,,,,,
-0.1281681246951174,,,,-159.4841533167805,,,,,,
-0.1213291170819914,,,,-153.9683415390762,,,,,,
-0.1132028181870339,,,,-148.452382370062,,,,,,,
-0.1038753010419712,,,,-142.936208450036,,,,,,,
-0.09344558193644352,,,-137.4198360053506,,,,,,
-0.08202437118145318,,,-131.9032150893502,,,,,,
-0.06973287524769492,,,-126.38622953797,,,,,,,,
-0.05670189594447476,,,-120.8688622348157,,,,,,
-0.04307021032435828,,,-115.3510720523565,,,,,,
-0.02898324292222784,,,-109.832857542811,,,,,,,
-0.01459126273336655,,,-104.3141626035159,,,,,,
-4.808104222155263e-05,-98.79500723904266,,,,,,
0.01449092429625927,,,,-93.27537104514111,,,,,,
0.02887034155038463,,,,-87.75526941410521,,,,,,
0.0429366207077261,,,,,-82.23467724161998,,,,,,
0.0565395110542842,,,,,-76.7136323411835,,,,,,,
0.06953390881042143,,,,-71.19216151582221,,,,,,
0.08178132130446507,,,,-65.67033541874724,,,,,,
0.09315156470227461,,,,-60.14818624331932,,,,,,
0.1035239813096485,,,,,-54.6257896231748,,,,,,,
0.1127888869253338,,,,,-49.10317942732403,,,,,,
0.1208487012322878,,,,,-43.5803190664675,,,,,,,
0.1276186774140647,,,,,-38.05725647511648,,,,,,
0.1330279349919284,,,,,-32.5340053594139,,,,,,,
0.1370200489142358,,,,,-27.01062396686989,,,,,,
0.1395536730534724,,,,,-21.48708032432343,,,,,,
0.1406027729104727,,,,,-15.96346646413769,,,,,,
0.1401569529568445,,,,,-10.43976459353062,,,,,,
0.1382214761137707,,,,,-4.916068822558399,,,,,,
0.1348171708593848,,,,,0.60762098724036,,,,,,,,
0.1299803390351731,,,,,6.131135527545753,,,,,,,
0.1237620793460749,,,,,11.65454770937781,,,,,,,
0.1162281472044354,,,,,17.17772043798911,,,,,,,
0.1074581075714442,,,,,22.70056731880988,,,,,,,
0.09754452500500088,,,,28.22303328178268,,,,,,,
0.08659200466997466,,,,33.74510013473394,,,,,,,
0.07471620564185415,,,,39.26674975048814,,,,,,,
0.06204264102583502,,,,44.78798424904708,,,,,,,
0.04870532030893196,,,,50.30885877220821,,,,,,,
0.03484585108731731,,,,55.82928940365075,,,,,,,
0.02061148253418043,,,,61.34926338187154,,,,,,,
0.006153417463798901,,,66.8688811791872,,,,,,,,
-0.008374066003055913,,72.38807613508646,,,,,,,
-0.02281595582214468,,,77.90687694707431,,,,,,,
-0.0370177562551267,,,,83.42523698330416,,,,,,,
-0.05082775821463626,,,88.94325593782528,,,,,,,
-0.06409800692131161,,,94.46090257616952,,,,,,,
-0.07668652943184912,,,99.97824754141342,,,,,,,
-0.08845846875457741,,,105.4952779518049,,,,,,,
-0.099287869888754,,,,,111.0120160525663,,,,,,,
-0.1090588075625715,,,,116.5283759819624,,,,,,,
-0.1176671546187748,,,,122.0444251924215,,,,,,,
-0.1250213057952772,,,,127.560183751534,,,,,,,,
-0.1310433111139995,,,,133.0757336993643,,,,,,,
-0.1356695147238801,,,,138.5910867785385,,,,,,,
-0.1388513438142281,,,,144.10631554058,,,,,,,,,
-0.1405556820635725,,,,149.6214692979206,,,,,,,
-0.1407651820944821,,,,155.136706805619,,,,,,,,
-0.1394783542084198,,,,160.6519894234421,,,,,,,
-0.1367096447551789,,,,166.1673102445066,,,,,,,
-0.1324891108425475,,,,171.6827788207688,,,,,,,
-0.1268621025381347,,,,177.198452323583,,,,,,,,
-0.1198887656816239,,,,-177.2856230097746,,,,,,
-0.1116434391948029,,,,-171.7694320277072,,,,,,
-0.1022138192063397,,,,-166.2529430168646,,,,,,
-0.09170012752916042,,,-160.7361562891251,,,,,,
-0.08021417836521383,,,-155.2191361523137,,,,,,
-0.06787781529106883,,,-149.7018108263758,,,,,,
-0.05482189873027906,,,-144.1841106953671,,,,,,
-0.04118526947380383,,,-138.6660843883292,,,,,,
-0.02711255337668216,,,-133.1475812068332,,,,,,
-0.01275356485985503,,,-127.6286187201752,,,,,,
0.00173849973898928,,,,-122.1092741102221,,,,,,
0.01620914811779642,,,,-116.5895097807414,,,,,,
0.03050391506281201,,,,-111.0693006581476,,,,,,
0.0444702224411624,,,,,-105.5485556790543,,,,,,
0.05795841691806625,,,,-100.0273643589148,,,,,,
0.07082417195893571,,,,-94.50570150315409,,,,,,
0.08292952169096815,,,,-88.98366382859237,,,,,,
0.09414492794784073,,,,-83.46124467926474,,,,,,
0.1043504719575172,,,,,-77.93843102086348,,,,,,
0.1134369458927913,,,,,-72.41535288328146,,,,,,
0.1213075895004931,,,,,-66.89199695026329,,,,,,
0.1278787250179167,,,,,-61.36845453093805,,,,,,
0.1330808402262578,,,,,-55.8448481249651,,,,,,,
0.136859485907703,,,,,,-50.32110252957782,,,,,,
0.1391754581753366,,,,,-44.79730552232313,,,,,,
0.1400053778797896,,,,,-39.27350399653925,,,,,,
0.1393417984270777,,,,,-33.74963951905504,,,,,,
0.1371932436161495,,,,,-28.22589423548406,,,,,,
0.1335839888067583,,,,,-22.70222801331219,,,,,,
0.1285536835328184,,,,,-17.17862472216343,,,,,,
0.1221570102583137,,,,,-11.6551864611038,,,,,,,
0.1144628832376834,,,,,-6.131933855836397,,,,,,
0.1055537856239657,,,,,-0.608927719407602,,,,,,
0.09552477388310505,,,,4.913803267055984,,,,,,,
0.08448256527284741,,,,10.43619985939359,,,,,,,
0.07254443804847203,,,,15.95817782962503,,,,,,,
0.0598367397125114,,,,,21.47975439995491,,,,,,,
0.04649404270786379,,,,27.00084306421801,,,,,,,
0.03265738407904132,,,,32.52143198948205,,,,,,,
0.01847290253615292,,,,38.04154776136771,,,,,,,
0.00409066422609546,,,,43.56113886836803,,,,,,,
-0.01033742769334801,,,49.08029727438199,,,,,,,
-0.02465837345335711,,,54.59894654297895,,,,,,,
-0.03872060781675626,,,60.11721080432113,,,,,,,
-0.05237458443761005,,,65.63502901723589,,,,,,,
-0.06547521987401139,,,71.15249545502074,,,,,,,
-0.07788269302622253,,,76.66955139407348,,,,,,,
-0.08946474715316009,,,82.18632149946563,,,,,,,
-0.1000974789736656,,,,87.70283001817623,,,,,,,
-0.1096669462081372,,,,93.21909051814951,,,,,,,
-0.1180705402815985,,,,98.73516134545322,,,,,,,
-0.1252178979543788,,,,104.2509739446664,,,,,,,
-0.1310323639460101,,,,109.7666357574564,,,,,,,
-0.1354514195159681,,,,115.2820869923706,,,,,,,
-0.1384277244843357,,,,120.7973924623686,,,,,,,
-0.139929465927688,,,,,126.3125943569713,,,,,,,
-0.1399407327451702,,,,131.8277246107551,,,,,,,
-0.1384616518522911,,,,137.3428966776623,,,,,,,
-0.1355083697174237,,,,142.8581285982353,,,,,,,
-0.1311128270492077,,,,148.3734949846298,,,,,,,
-0.125322337795092,,,,,153.8890926076063,,,,,,,
-0.1181992465525176,,,,159.4048712019003,,,,,,,
-0.109819867277384,,,,,164.9209498852691,,,,,,,
-0.1002739396775385,,,,170.4373414701865,,,,,,,
-0.08966338864817322,,,175.9541304419973,,,,,,,
-0.07810162306297415,,,-178.5287448594302,,,,,,
-0.06571177809280315,,,-173.0112095571425,,,,,,
-0.0526257707605343,,,,-167.4932427958243,,,,,,
-0.03898269086872348,,,-161.9747742996509,,,,,,
-0.02492797782737772,,,-156.4559335387581,,,,,,
-0.01061118982280033,,,-150.9367519233495,,,,,,
0.003815683433269285,,,-145.417123691562,,,,,,,
0.01819915356285633,,,,-139.8970509561556,,,,,,
0.03238590014803115,,,,-134.3766126374335,,,,,,
0.04622490808163868,,,,-128.8557562697495,,,,,,
0.05956875798814341,,,,-123.3344026996194,,,,,,
0.07227480730614952,,,,-117.8126024529336,,,,,,
0.08420703027927,,,,,,,-112.2904220247204,,,,,,
0.09523762795109827,,,,-106.7678841449184,,,,,,
0.1052484754684036,,,,,-101.2449229247239,,,,,,
0.1141319289738255,,,,,-95.72165893457014,,,,,,
0.1217926085377936,,,,,-90.19810293805934,,,,,,
0.1281481896620433,,,,,-84.67432363953901,,,,,,
0.1331305573261712,,,,,-79.15026420491868,,,,,,
0.1366862607770924,,,,,-73.62606872004605,,,,,,
0.1387774510263412,,,,,-68.10182740632256,,,,,,
0.1393822434520847,,,,,-62.57760241731685,,,,,,
0.1384949188057688,,,,,-57.05342737453897,,,,,,
0.1361259501665261,,,,,-51.52934611601453,,,,,,
0.1323018837227618,,,,,-46.00543430853369,,,,,,
0.1270649306465086,,,,,-40.48169976416188,,,,,,
0.1204725096555042,,,,,-34.95819824088161,,,,,,
0.1125963817688142,,,,,-29.43488627331612,,,,,,
0.1035220535364981,,,,,-23.9118304729547,,,,,,,
0.09334762907162265,,,,-18.38906925651578,,,,,,
0.08218257804809116,,,,-12.86657631871056,,,,,,
0.0701467939386214,,,,,-7.344412164436777,,,,,,
0.05736923125908803,,,,-1.822680061841915,,,,,,
0.04398612047186867,,,,3.698636002801791,,,,,,,
0.0301398470521423,,,,,9.219515506665982,,,,,,,
0.01597744567578139,,,,14.73991247382304,,,,,,,
0.001648916611991228,,,20.25981842116217,,,,,,,
-0.0126941530287691,,,,25.77919958536075,,,,,,,
-0.02690026317599948,,,31.29804902863665,,,,,,,
-0.04081952620865253,,,36.81638626874675,,,,,,,
-0.05430508488520847,,,42.33422389294113,,,,,,,
-0.06721477010398201,,,47.85164563343815,,,,,,,
-0.07941219124468601,,,53.36866599435811,,,,,,,
-0.09076831078644354,,,58.88530155815305,,,,,,,
-0.1011627973277487,,,,64.40158174675017,,,,,,,
-0.1104853437403497,,,,69.91759050827352,,,,,,,
-0.1186366608949567,,,,75.43337426985001,,,,,,,
-0.1255296446889428,,,,80.9489842368515,,,,,,,,
-0.1310903327317126,,,,86.46446653239448,,,,,,,
-0.1352587102566121,,,,91.97978740817504,,,,,,,
-0.1379896088292669,,,,97.49506837541641,,,,,,,
-0.1392530313311086,,,,103.010310233752,,,,,,,,
-0.139034680546026,,,,,108.5255227013365,,,,,,,
-0.1373361312428487,,,,114.0408000353161,,,,,,,
-0.1341749330160087,,,,119.556066205444,,,,,,,,
-0.1295843068770964,,,,125.071465564682,,,,,,,,
-0.1236129825395496,,,,130.5869865325612,,,,,,,
-0.1163244184476937,,,,136.1027780902137,,,,,,,
-0.1077964582563049,,,,141.6188282259133,,,,,,,
-0.09812031117551194,,,147.1351467084915,,,,,,,
-0.08739949582142957,,,152.6517722561877,,,,,,,
-0.07574858850913872,,,158.1688050575653,,,,,,,
-0.06329225329875893,,,163.6862585794189,,,,,,,
-0.05016367998280167,,,169.2041620997242,,,,,,,
-0.03650316033867974,,,174.7225420319421,,,,,,,
-0.02245647839995969,,,-179.7585444847051,,,,,,
-0.008173687945307441,,-174.2391449200695,,,,,,
0.006192768313627704,,,-168.719298622562,,,,,,,
0.02048983833663573,,,,-163.1989771647941,,,,,,
0.02706417516625193,,,,-160.634794523969,,,,,,,
