sat_3.Earth.Latitude,,,sat_3.Earth.Longitude,,,
-0.00202716001557719,,,-163.9675570797748,,,,,,
0.00722483154064256,,,,-160.4132910835809,,,,,,
0.02081762625336136,,,,-155.1632101426423,,,,,,
0.03479840964604149,,,,-149.6781522212598,,,,,,
0.04847567413114454,,,,-144.1658285545896,,,,,,
0.06164179037482192,,,,-138.6501920645291,,,,,,
0.07414995941454505,,,,-133.133867749401,,,,,,,
0.08586610768977118,,,,-127.6172065071521,,,,,,
0.09666543311059357,,,,-122.1001357491178,,,,,,
0.1064325561308446,,,,,-116.582658166153,,,,,,,
0.1150629801651355,,,,,-111.0647463218609,,,,,,
0.122464212803735,,,,,,-105.5463310291485,,,,,,
0.1285566498280787,,,,,-100.0273928563101,,,,,,
0.1332745481227088,,,,,-94.50794152561832,,,,,,
0.1365668316671662,,,,,-88.98800302639552,,,,,,
0.1383977381334577,,,,,-83.46754850682169,,,,,,
0.1387471973926697,,,,,-77.94659334064829,,,,,,
0.1376111366354226,,,,,-72.42512946105454,,,,,,
0.1350015921503576,,,,,-66.90321979282372,,,,,,
0.1309466118483925,,,,,-61.38089670247879,,,,,,
0.1254899511588617,,,,,-55.85818993058509,,,,,,
0.1186905488268665,,,,,-50.33509929039995,,,,,,
0.1106220668436536,,,,,-44.81174775594442,,,,,,
0.1013716702166034,,,,,-39.28809391505684,,,,,,
0.09103939874145936,,,,-33.76420925759374,,,,,,
0.0797367378517396,,,,,-28.24009545964185,,,,,,
0.06758555485802815,,,,-22.71580328611386,,,,,,
0.05471660284109332,,,,-17.19136995309763,,,,,,
0.04126814313633953,,,,-11.66686041256368,,,,,,
0.02738418739427678,,,,-6.142276329647391,,,,,,
0.01321330952734332,,,,-0.6177153699912264,,,,,
-0.001093319884981826,,4.906774055455617,,,,,,,
-0.01538343071976679,,,10.43114434870938,,,,,,,
-0.02950510773681813,,,15.95529089657275,,,,,,,
-0.04330877635503764,,,21.4792110531947,,,,,,,,
-0.05664840218453273,,,27.00287706462181,,,,,,,
-0.06938303014140923,,,32.52625933445447,,,,,,,
-0.08137807563633045,,,38.04926557267605,,,,,,,
-0.09250698137037622,,,43.57187330598184,,,,,,,
-0.1026524179589146,,,,49.09411972064886,,,,,,,
-0.1117070825373543,,,,54.61589110341716,,,,,,,
-0.1195752685836946,,,,60.13716748047794,,,,,,,
-0.1261737517871719,,,,65.65801657521938,,,,,,,
-0.1314323608185764,,,,71.17835401237335,,,,,,,
-0.1352950731123607,,,,76.69820538814477,,,,,,,
-0.1377204422922239,,,,82.217500159492,,,,,,,,,
-0.1386822241676264,,,,87.73629199558232,,,,,,,
-0.1381695818042983,,,,93.25463335584165,,,,,,,
-0.1361873277277091,,,,98.77246041923677,,,,,,,
-0.1327558916996572,,,,104.2898660026154,,,,,,,
-0.1279111900481796,,,,109.8068776479728,,,,,,,
-0.1217043198757725,,,,115.3235110422199,,,,,,,
-0.1142010743303228,,,,120.8397701562112,,,,,,,
-0.1054810773231603,,,,126.3557688836655,,,,,,,
-0.09563724000247634,,,131.8715149983807,,,,,,,
-0.08477465481583563,,,137.3870163511428,,,,,,,
-0.07300934472394277,,,142.9023278756995,,,,,,,
-0.06046715264850742,,,148.4174663267144,,,,,,,
-0.04728207096515968,,,153.9325364460187,,,,,,,
-0.03359517435985943,,,159.4475508857806,,,,,,,
-0.01955267264481091,,,164.9625991190628,,,,,,,
-0.005304760449638064,,170.477665430373,,,,,,,,
0.008996610986228084,,,175.9928619679247,,,,,,,
0.02319876090414685,,,,-178.4918113764899,,,,,,
0.03715024929495198,,,,-172.9763383748383,,,,,,
0.05070275056495556,,,,-167.4605775375319,,,,,,
0.06371205149716311,,,,-161.9444794883082,,,,,,
0.0760398398154731,,,,,-156.4279717434612,,,,,,
0.08755476939585542,,,,-150.9111303338032,,,,,,
0.09813449971837572,,,,-145.393869773567,,,,,,,
0.1076664505525537,,,,,-139.8761649058794,,,,,,
0.1160491474961644,,,,,-134.3579532359777,,,,,,
0.1231930075467519,,,,,-128.839318090666,,,,,,,
0.1290216888158497,,,,,-123.3202224778393,,,,,,
0.1334726774863745,,,,,-117.8006214159125,,,,,,
0.1364979310381441,,,,,-112.2805047053937,,,,,,
0.1380644555037212,,,,,-106.7599215782248,,,,,,
0.1381547658978556,,,,,-101.2388823020145,,,,,,
0.1367670768135405,,,,,-95.71736484677542,,,,,,
0.1339153869429393,,,,,-90.19538730534327,,,,,,
0.1296294187198156,,,,,-84.67297571101983,,,,,,
0.1239544168663997,,,,,-79.15020125003294,,,,,,
0.1169505734613402,,,,,-73.62703551016699,,,,,,
0.1086926160021311,,,,,-68.10354051304557,,,,,,
0.09926890809690037,,,,-62.57974278751923,,,,,,
0.08878056051289415,,,,-57.05567733958767,,,,,,
0.07734041285220429,,,,-51.53142001243189,,,,,,
0.06507155571845645,,,,-46.00697189219313,,,,,,
0.05210631347799844,,,,-40.48242869579467,,,,,,
0.0385844498700562,,,,,-34.957835785119,,,,,,,,
0.02465169169055512,,,,-29.43323896256073,,,,,,
0.01045822933049468,,,,-23.9087411008447,,,,,,,
-0.003843439298864674,,-18.38432163647233,,,,,,
-0.0180997506548342,,,,-12.86001983774131,,,,,,
-0.03215786148452955,,,-7.335901647070244,,,,,,
-0.04586745871986517,,,-1.812009364921264,,,,,,
-0.05908226680555332,,,3.711588817923752,,,,,,,
-0.07166172540640146,,,9.234844117686833,,,,,,,
-0.08347250739710689,,,14.7577514614295,,,,,,,,
-0.09438968983838746,,,20.28025937896659,,,,,,,
-0.1042981358106252,,,,25.80231552252571,,,,,,,
-0.1130937433113356,,,,31.32393179970195,,,,,,,
-0.1206842866257737,,,,36.84509552002525,,,,,,,
-0.126990283163788,,,,,42.3657205662378,,,,,,,,
-0.1319459668660005,,,,47.88580518380336,,,,,,,
-0.1354997888663765,,,,53.4053870913982,,,,,,,,
-0.1376148276755582,,,,58.92443692989441,,,,,,,
-0.1382692269912824,,,,64.44307149853402,,,,,,,
-0.1374563304674266,,,,69.96115091113177,,,,,,,
-0.1351848704623521,,,,75.47869770424803,,,,,,,
-0.1314787757610643,,,,80.99578756032952,,,,,,,
-0.1263769900397295,,,,86.51245988184419,,,,,,,
-0.1199331598619124,,,,92.02872292657958,,,,,,,
-0.1122149779449807,,,,97.54468236807966,,,,,,,
-0.1033038433539346,,,,103.0603022753394,,,,,,,
-0.09329374023330944,,,108.5756551676725,,,,,,,
-0.08229035308160627,,,114.0908474519836,,,,,,,
-0.07041025052513891,,,119.6058966223328,,,,,,,
-0.0577795324310054,,,,125.1208259371685,,,,,,,
-0.04453240151563873,,,130.6357051968915,,,,,,,
-0.03081008422967999,,,136.1505044868714,,,,,,,
-0.01675868006537594,,,141.6653529257659,,,,,,,
-0.002528363953375721,,147.1802198602857,,,,,,,
0.01172910340489742,,,,152.6952512684008,,,,,,,
0.02586116373804925,,,,158.2104284244658,,,,,,,
0.03971677754008854,,,,163.7258172176161,,,,,,,
0.05314772151850304,,,,169.2414262974297,,,,,,,
0.06601051655177211,,,,174.7573311118414,,,,,,,
0.0781679166205744,,,,,-179.7263410531963,,,,,,
0.08948995840906027,,,,-174.2096043161003,,,,,,
0.09985569880741099,,,,-168.6924790421525,,,,,,
0.1091546996735905,,,,,-163.1748700678929,,,,,,
0.117287795186158,,,,,,-157.6567630398034,,,,,,
0.1241682698070651,,,,,-152.1381594827217,,,,,,
0.1297228428449896,,,,,-146.6189842445115,,,,,,
0.1338921359716766,,,,,-141.0993634453776,,,,,,
0.136631671873263,,,,,,-135.5792157937558,,,,,,
0.1379120169721572,,,,,-130.0585438101419,,,,,,
0.1377191748735456,,,,,-124.5373992465632,,,,,,
0.1360547264348431,,,,,-119.0157329920355,,,,,,
0.1329358849996071,,,,,-113.493681947456,,,,,,,
0.1283952334989244,,,,,-107.9712089709378,,,,,,
0.1224804636916526,,,,,-102.4483318208876,,,,,,
0.1152539976736216,,,,,-96.92513200895036,,,,,,
0.1067921612921891,,,,,-91.40157888774253,,,,,,
0.09718471789305622,,,,-85.87775208602677,,,,,,
0.08653372205807704,,,,-80.35366395770764,,,,,,
0.07495269800600288,,,,-74.8293876823037,,,,,,,
0.06256519585219111,,,,-69.30491920852316,,,,,,
0.04950381063261567,,,,-63.78032882069816,,,,,,
0.03590856897922971,,,,-58.25566334782958,,,,,,
0.02192554227297439,,,,-52.73100063184815,,,,,,
0.007705096539830997,,,-47.20638891625619,,,,,,
-0.006599524702921281,,-41.68194543507938,,,,,,
-0.02083451947663423,,,-36.1576215236827,,,,,,,
-0.03484649683972978,,,-30.63349547259446,,,,,,
-0.04848453681975672,,,-25.10964540687444,,,,,,
-0.06160203069425043,,,-19.58609172718126,,,,,,
-0.07405822679081749,,,-14.06282919770529,,,,,,
-0.0857194952555719,,,,-8.539964347399753,,,,,,
-0.0964611720566966,,,,-3.017562622069461,,,,,,
-0.1061689797760476,,,,2.50440742470021,,,,,,,,
-0.1147399122423995,,,,8.025910000695113,,,,,,,
-0.1220834230917497,,,,13.5468820546711,,,,,,,,
-0.1281225289110288,,,,19.06738950723309,,,,,,,
-0.132794220304138,,,,,24.58737106241178,,,,,,,
-0.136050272449998,,,,,30.1067785312895,,,,,,,,
-0.1378576658943273,,,,35.6256422119186,,,,,,,,
-0.138198745328786,,,,,41.14400545607713,,,,,,,
-0.137071333247703,,,,,46.66182461180633,,,,,,,
-0.1344886704346582,,,,52.1791668375476,,,,,,,,
-0.1304791947249201,,,,57.69606134294468,,,,,,,
-0.1250862462075555,,,,63.2124992828398,,,,,,,,
-0.1183675313675714,,,,68.72850977842513,,,,,,,
-0.1103944867390934,,,,74.24414760236228,,,,,,,
-0.1012515559101511,,,,79.75947254897567,,,,,,,
-0.09103546136083845,,,85.27448578461689,,,,,,,
-0.07985391169080615,,,90.78931103795809,,,,,,,
-0.06782498406495811,,,96.30395032319404,,,,,,,
-0.05507542047221429,,,101.8185459631421,,,,,,,
-0.04174000593938109,,,107.333086629972,,,,,,,,
-0.02795983243867397,,,112.8475869967489,,,,,,,
-0.0138807129385673,,,,118.3621375325863,,,,,,,
0.0003480208828088215,,123.876786862376,,,,,,,,
0.01457510469783628,,,,129.3915292356806,,,,,,,
0.02864919233534213,,,,134.9064521842281,,,,,,,
0.04242039477261238,,,,140.4216560221529,,,,,,,
0.05574156733820402,,,,145.9371468951364,,,,,,,
0.0684701897191779,,,,,151.4529339253597,,,,,,,
0.08047008706180034,,,,156.9690991497431,,,,,,,
0.09161256722611963,,,,162.4856345588854,,,,,,,
0.1017781591235292,,,,,168.0025791104887,,,,,,,
0.1108579947260636,,,,,173.5200835895445,,,,,,,
0.1187544173056464,,,,,179.0380562239997,,,,,,,
0.1253827026701643,,,,,-175.4434799629292,,,,,,
0.1306718149185151,,,,,-169.9244271171031,,,,,,
0.1345649282373656,,,,,-164.4048502087979,,,,,,
0.1370202945456347,,,,,-158.8847521213476,,,,,,
0.1380115823187609,,,,,-153.36406857018,,,,,,,,
0.1375280825937119,,,,,-147.8429013296625,,,,,,
0.135574882139105,,,,,,-142.3212694263949,,,,,,
0.1321727349338081,,,,,-136.799212336461,,,,,,,
0.1273577094547365,,,,,-131.2766697016736,,,,,,
0.1211809769772083,,,,,-125.753743472013,,,,,,,
0.1137080237284279,,,,,-120.2304102081963,,,,,,
0.1050182116749263,,,,,-114.7067625358385,,,,,,
0.09520367249334796,,,,-109.1827978441344,,,,,,
0.08436864345999857,,,,-103.6586066720687,,,,,,
0.07262821431777747,,,,-98.13425378780906,,,,,,
0.06010702672993061,,,,-92.60973774147759,,,,,,
0.04693828912901506,,,,-87.08512756810133,,,,,,
0.03326225481988649,,,,-81.56048585381959,,,,,,
0.01922458104943363,,,,-76.03579683913604,,,,,,
0.004975300693501164,,,-70.51116141602377,,,,,,
-0.00933324923444695,,,-64.98660012062635,,,,,,
-0.02354780201481927,,,-59.46215106253857,,,,,,
-0.03751551709589653,,,-53.93798738400623,,,,,,
-0.05108660611399816,,,-48.4140408791056,,,,,,,
-0.064114950039442,,,,,-42.89040939451067,,,,,,
-0.0764603120961701,,,,-37.36712473523097,,,,,,
-0.08798955752470829,,,-31.84431064983965,,,,,,
-0.09857876769463166,,,-26.32189236630953,,,,,,
-0.1081139220231794,,,,-20.79993128939974,,,,,,
-0.116492547443736,,,,,-15.27846114781759,,,,,,
-0.1236248086116389,,,,-9.757520669442513,,,,,,
-0.1294345379165061,,,,-4.237131508384049,,,,,,
-0.1338600726239304,,,,1.282734835504856,,,,,,,
-0.1368548130654989,,,,6.80207733363686,,,,,,,,
-0.1383877298418347,,,,12.32085533020581,,,,,,,
-0.1384436820695485,,,,17.83913628011089,,,,,,,
-0.1370234672726039,,,,23.35684171938809,,,,,,,
-0.1341437491292067,,,,28.87401708024495,,,,,,,
-0.129836697983942,,,,,34.39075366942865,,,,,,,
-0.1241497359849979,,,,39.90698480268734,,,,,,,
-0.1171446087304106,,,,45.42286727772109,,,,,,,
-0.1088971422522384,,,,50.93831420398669,,,,,,,
-0.09949591426405027,,,56.45339817973315,,,,,,,
-0.08904133068188938,,,61.968237133073,,,,,,,,,
-0.07764495586946958,,,67.4827855155189,,,,,,,,
-0.06542771371389283,,,72.99716267032451,,,,,,,
-0.05251906389133698,,,78.5114236656583,,,,,,,,
-0.03905557899432274,,,84.02561645557532,,,,,,,
-0.02517954601961843,,,89.5397886326422,,,,,,,,
-0.01103744853961929,,,95.05401961879596,,,,,,,
0.003221320389972729,,,100.5683476247666,,,,,,,
0.01744615027723476,,,,106.0828441915146,,,,,,,
0.03148653645580277,,,,111.5975360147655,,,,,,,
0.04519386709860448,,,,117.112503836711,,,,,,,,
0.0584226251701837,,,,,122.6277507982354,,,,,,,
0.07103220196836776,,,,128.143318215311,,,,,,,,
0.0828882448518702,,,,,133.6592275936129,,,,,,,
0.09386429393891076,,,,139.1755752354513,,,,,,,
0.1038428671546691,,,,,144.6924018564232,,,,,,,
0.1127167696681803,,,,,150.2096712679941,,,,,,,
0.1203906036306687,,,,,155.7274491698304,,,,,,,
0.1267815860981001,,,,,161.2457603281349,,,,,,,
0.1318205863509563,,,,,166.7646487429587,,,,,,,
0.1354528590803952,,,,,172.2841089100743,,,,,,,
0.137638760549812,,,,,,177.8041621839861,,,,,,,
0.1383541732657201,,,,,-176.6752514572613,,,,,,
0.137590850729681,,,,,,-171.1541168879657,,,,,,
0.135356499072371,,,,,,-165.6325094468797,,,,,,
0.1316746248998294,,,,,-160.110372397179,,,,,,,
0.1265844060030601,,,,,-154.5878202726434,,,,,,
0.120140087569561,,,,,,-149.0648569371767,,,,,,
0.1124103599902842,,,,,-143.5414656517426,,,,,,
0.1034777993871523,,,,,-138.017747685423,,,,,,,
0.09343783068851089,,,,-132.4937993164196,,,,,,
0.08239736429235184,,,,-126.9695708043003,,,,,,
0.07047408313744938,,,,-121.4451246716719,,,,,,
0.05779493008461858,,,,-115.9204929501324,,,,,,
0.04449509827293403,,,,-110.3958243302532,,,,,,
0.0307158311527036,,,,,-104.8710578627614,,,,,,
0.01660369146011606,,,,-99.34624249993716,,,,,,
0.002309067266790283,,,-93.82153224325246,,,,,,
-0.01201602379788666,,,-88.29693916660132,,,,,,
-0.0262191841486628,,,,-82.77246129075075,,,,,,
-0.04014901662483486,,,-77.24815697357036,,,,,,
-0.05365673102126482,,,-71.72413775123368,,,,,,
-0.06659809150996851,,,-66.20041311332177,,,,,,
-0.0788344619275317,,,,-60.6770907762487,,,,,,,
-0.09023481150656061,,,-55.15415006376404,,,,,,
-0.1006766999898035,,,,-49.63162938191365,,,,,,
-0.1100477087604596,,,,-44.10960524240624,,,,,,
-0.1182468261321381,,,,-38.58813029077243,,,,,,
-0.1251856878921265,,,,-33.06713292198763,,,,,,
-0.1307892194258856,,,,-27.54667176722088,,,,,,
-0.134996799218138,,,,,-22.02673041744561,,,,,,
-0.1377628090245466,,,,-16.50741386451364,,,,,,
-0.1390573708912385,,,,-10.98865542206476,,,,,,
-0.1388665198256845,,,,-5.470444081661303,,,,,,
-0.1371924229445006,,,,0.04724026394391045,,,,,
-0.1340533947020015,,,,5.564359750606603,,,,,,,
-0.1294835524838695,,,,11.08103348584353,,,,,,,
-0.123532622973098,,,,,16.59719743700963,,,,,,,
-0.1162651283872555,,,,22.11291878902374,,,,,,,
-0.1077596768920728,,,,27.62827142506943,,,,,,,
-0.0981082355476863,,,,33.14323125703843,,,,,,,
-0.0874148036059673,,,,38.6578535019735,,,,,,,,
-0.07579421686385959,,,44.17224148910474,,,,,,,
-0.06337122332084145,,,49.68637376568346,,,,,,,
-0.05027848360000058,,,55.20039192271973,,,,,,,
-0.03665578481019063,,,60.71430130485864,,,,,,,
-0.02264805171069446,,,66.22818484132823,,,,,,,
-0.008404062649798084,,71.74209685794898,,,,,,,
0.005925376947780148,,,77.25617137186485,,,,,,,
0.02018826998024152,,,,82.77034550617324,,,,,,,
0.03423387679563637,,,,88.28470533432993,,,,,,,
0.04791380782429164,,,,93.79931922440937,,,,,,,
0.06108355661466326,,,,99.31425367673185,,,,,,,
0.07360373425600225,,,,104.8294747846418,,,,,,,
0.08534206359617068,,,,110.345100479799,,,,,,,,
0.09617415102480337,,,,115.8611565508619,,,,,,,
0.1059850377595641,,,,,121.3776974141971,,,,,,,
0.1146703118451223,,,,,126.8947688467871,,,,,,,
0.1221370383891927,,,,,132.4122627705705,,,,,,,
0.1283054146045118,,,,,137.9303897509996,,,,,,,
0.1331087952208663,,,,,143.4490442630586,,,,,,,
0.1364950930463023,,,,,148.9683234730142,,,,,,,
0.1384270627710861,,,,,154.488199895687,,,,,,,,
0.1388829212004009,,,,,160.0086527283328,,,,,,,
0.1378566455758937,,,,,165.5296480205475,,,,,,,
0.1353581110179945,,,,,171.0511511727116,,,,,,,
0.1314130501216441,,,,,176.5731130767558,,,,,,,
0.126062727420213,,,,,,-177.9044317237774,,,,,,
0.1193636657636932,,,,,-172.3815509192237,,,,,,
0.1113869380487785,,,,,-166.8582648917114,,,,,,
0.1022174947070143,,,,,-161.3346337141184,,,,,,
0.09195315892035651,,,,-155.8107007461095,,,,,,
0.08070343888714597,,,,-150.2864528091125,,,,,,
0.06858855033442009,,,,-144.7619454844367,,,,,,
0.05573817351446558,,,,-139.2373189483971,,,,,,
0.04228940995380082,,,,-133.7125363350485,,,,,,
0.02838602015005671,,,,-128.1877104453349,,,,,,
0.01417610404678992,,,,-122.6627920781409,,,,,,
-0.0001884163060354885,-117.1379949736429,,,,,,
-0.01455466496170813,,,-111.6133244396279,,,,,,
-0.0287699615328645,,,,-106.088734329132,,,,,,,
-0.04268286632865612,,,-100.5643692101944,,,,,,
-0.05614549305828196,,,-95.04026631473128,,,,,,
-0.06901488963778515,,,-89.51640664170247,,,,,,
-0.08115405914374034,,,-83.99290761185588,,,,,,
-0.09243375621730443,,,-78.4698747233233,,,,,,,
-0.1027340665492195,,,,-72.94726424540829,,,,,,
-0.1119450875055265,,,,-67.42515392712616,,,,,,
-0.1199684650034288,,,,-61.90354478458571,,,,,,
-0.1267182034476669,,,,-56.38249879223189,,,,,,
-0.1321218326091245,,,,-50.86194771499011,,,,,,
-0.1361208990638813,,,,-45.34194668261092,,,,,,
-0.1386718479588959,,,,-39.82251374785258,,,,,,
-0.1397464996964098,,,,-34.30367929184545,,,,,,
-0.1393324237227043,,,,-28.78541794356793,,,,,,
-0.1374330995050801,,,,-23.26771087170856,,,,,,
-0.1340679804899375,,,,-17.75057406014876,,,,,,
-0.1292723123809198,,,,-12.23397522003585,,,,,,
-0.1230968053468096,,,,-6.717881987554824,,,,,,
-0.1156071241821999,,,,-1.202259636134363,,,,,,
-0.1068831174014826,,,,4.312977952223291,,,,,,,
-0.09701821191663204,,,9.827807108641753,,,,,,,
-0.08611798760302868,,,15.34234197587043,,,,,,,
-0.0742994217781273,,,,20.85659256914073,,,,,,,
-0.06168924814863262,,,26.37064339364286,,,,,,,
-0.04842281647783552,,,31.88451936963997,,,,,,,
-0.03464243033407588,,,37.39825641952206,,,,,,,
-0.02049555518907042,,,42.91197597343364,,,,,,,
-0.006133657249711102,,48.42569626507353,,,,,,,
0.008289926271680261,,,53.93951626535743,,,,,,,
0.02262133401032409,,,,59.4534906447079,,,,,,,,
0.0367079054156536,,,,,64.96765664769202,,,,,,,
0.05039977896944908,,,,70.4820212977156,,,,,,,,
0.0635516520798073,,,,,75.99663377499076,,,,,,,
0.07602436098915033,,,,81.51162812113334,,,,,,,
0.08768576789772253,,,,87.02699230930719,,,,,,,
0.09841254032797803,,,,92.54274780944023,,,,,,,
0.1080914094297324,,,,,98.05897643939362,,,,,,,
0.1166200834669526,,,,,103.5757134660956,,,,,,,
0.1239083478927231,,,,,109.0929779470005,,,,,,,
0.1298790045494335,,,,,114.6107938519303,,,,,,,
0.1344686664293546,,,,,120.1292236757628,,,,,,,
0.137628286825912,,,,,,125.6482134599972,,,,,,,
0.1393238606277229,,,,,131.167783031455,,,,,,,,
0.1395367067486204,,,,,136.6879903105128,,,,,,,
0.1382636849026279,,,,,142.2088295743282,,,,,,,
0.1355173973505097,,,,,147.7301766321974,,,,,,,
0.1313260257295751,,,,,153.2520627068454,,,,,,,
0.1257332165795255,,,,,158.7743906756597,,,,,,,
0.1187975507401018,,,,,164.2971455693619,,,,,,,
0.1105920237116205,,,,,169.8203035524144,,,,,,,
0.1012033798786918,,,,,175.3438034474625,,,,,,,
0.09073097972153228,,,,-179.1323118421568,,,,,,
0.07928611390055722,,,,-173.6081029339353,,,,,,
0.0669906677090422,,,,,-168.0836283715378,,,,,,
0.05397593160246579,,,,-162.5589991785239,,,,,,
0.04038084480399793,,,,-157.0342406979648,,,,,,
0.02635065690066051,,,,-151.5093839136147,,,,,,
0.01203537134461053,,,,-145.9844810431058,,,,,,
-0.002411899983383369,,-140.4596080111739,,,,,,
-0.01683673367541197,,,-134.9348239263673,,,,,,
-0.03108509766712254,,,-129.4101698418928,,,,,,
-0.04500502911328101,,,-123.8856684422921,,,,,,
-0.05844806743433029,,,-118.3614081021537,,,,,,
-0.07127112022696354,,,-112.8374351417084,,,,,,
-0.08333776483800451,,,-107.3138448291559,,,,,,
-0.0945199219504112,,,,-101.7906748772443,,,,,,
-0.1046990536464029,,,,-96.26795175850732,,,,,,
-0.1137673719493982,,,,-90.74568371503702,,,,,,
-0.1216288310430923,,,,-85.22391813760515,,,,,,
-0.1282001845381419,,,,-79.70269443642842,,,,,,
-0.1334118217652391,,,,-74.18202977972626,,,,,,
-0.1372084513601521,,,,-68.66189386174919,,,,,,
-0.1395495587215402,,,,-63.14233960303272,,,,,,
-0.1404099376411678,,,,-57.623377880049,,,,,,,,
-0.1397798970516067,,,,-52.10492543587472,,,,,,
-0.1376654009229006,,,,-46.58706964302937,,,,,,
-0.1340880372688759,,,,-41.06976103998141,,,,,,
-0.1290848456601596,,,,-35.55298523622489,,,,,,
-0.1227080698546445,,,,-30.03678695169293,,,,,,
-0.1150245122553676,,,,-24.52111462500788,,,,,,
-0.106114946593902,,,,,-19.00591413872617,,,,,,
-0.09607326119609354,,,-13.49109357059146,,,,,,
-0.08500566840091738,,,-7.976609205156837,,,,,,
-0.073029568810906,,,,,-2.462421976416546,,,,,,
-0.06027243981581593,,,3.051456849383437,,,,,,,
-0.04686989228337526,,,8.565214769555205,,,,,,,
-0.03296513847111162,,,14.07883800204208,,,,,,,
-0.01870673275299357,,,19.59241389394234,,,,,,,
-0.004247150266940537,,25.10603895421604,,,,,,,
0.01025863629146783,,,,30.61972152461637,,,,,,,
0.02465509944571659,,,,36.1334665749369,,,,,,,,
0.03878822816210663,,,,41.64740599323664,,,,,,,
0.05250671553509455,,,,47.16160186410369,,,,,,,
0.06566366469551736,,,,52.67605338666851,,,,,,,
0.0781185841925396,,,,,58.19085498540054,,,,,,,
0.08973844503351706,,,,63.70599748878291,,,,,,,
0.100399593987627,,,,,,69.22158841096763,,,,,,,
0.109988489125545,,,,,,74.73756930787208,,,,,,,
0.1184034929205278,,,,,80.25403129146513,,,,,,,
0.1255554665924719,,,,,85.77097756358049,,,,,,,
0.1313689307612957,,,,,91.28850851687149,,,,,,,
0.135782546009122,,,,,,96.80662387147821,,,,,,,
0.1387498521269708,,,,,102.3252962587287,,,,,,,
0.1402397463456823,,,,,107.8445639378325,,,,,,,
0.140236675551439,,,,,,113.3644795690295,,,,,,,
0.1387407832760246,,,,,118.8849961322711,,,,,,,
0.1357679274169499,,,,,124.4060957061268,,,,,,,
0.1313494667481863,,,,,129.9277845409549,,,,,,,
0.1255319724177541,,,,,135.4500357704957,,,,,,,
0.1183768581917212,,,,,140.9727482361784,,,,,,,
0.1099597063845772,,,,,146.4958346920356,,,,,,,
0.1003693294863142,,,,,152.0193091236601,,,,,,,
0.08970716794589943,,,,157.5430932922673,,,,,,,
0.07808599567271504,,,,163.0671805928214,,,,,,,
0.06562899635268692,,,,168.5915140955885,,,,,,,
0.0524684850263666,,,,,174.1160063613786,,,,,,,
0.03874411280226062,,,,179.6407091220542,,,,,,,
0.02460213962772513,,,,-174.834496540133,,,,,,,
0.0101933037753266,,,,,-169.3096605554273,,,,,,
-0.004328691401026166,,-163.7848146880919,,,,,,
-0.0188086058032211,,,,-158.2600657040795,,,,,,
-0.03309194682503974,,,-152.7353722628411,,,,,,
-0.04702584059081517,,,-147.2108640630221,,,,,,
-0.06046143185588333,,,-141.6865684430168,,,,,,
-0.07325520963462741,,,-136.1625319000803,,,,,,
-0.08527051791073371,,,-130.6388571687841,,,,,,
-0.09637948352369269,,,-125.1155025092682,,,,,,
-0.1064637425823791,,,,-119.5925895911356,,,,,,
-0.1154162583228249,,,,-114.0701422420084,,,,,,
-0.1231421412551467,,,,-108.5482492580564,,,,,,
-0.1295598870793897,,,,-103.0268891324579,,,,,,
-0.1346019650882799,,,,-97.50605752545734,,,,,,
-0.1382154613089233,,,,-91.98583494724757,,,,,,
-0.1403627394812723,,,,-86.4661887848019,,,,,,,
-0.1410216278169955,,,,-80.94708986537991,,,,,,
-0.1401856227124395,,,,-75.42859928805957,,,,,,
-0.1378638961607934,,,,-69.91062847757502,,,,,,
-0.1340811843432426,,,,-64.39320956201976,,,,,,
-0.1288774398969882,,,,-58.87628373458463,,,,,,
-0.1223075302560253,,,,-53.35987991078123,,,,,,
-0.1144405165499753,,,,-47.8439406030923,,,,,,,
-0.1053591696696519,,,,-42.32849656766422,,,,,,
-0.09515893201268631,,,-36.81350699141564,,,,,,
-0.08394714878117442,,,-31.29897593430441,,,,,,
-0.07184165825550735,,,-25.78478265789133,,,,,,
-0.05896990216739632,,,-20.27083692028577,,,,,,
-0.0454677181373968,,,,-14.75709331126845,,,,,,
-0.03147793648488251,,,-9.243529417242561,,,,,,
-0.01714856927826136,,,-3.730011562674922,,,,,,
-0.002631808565616074,,1.783493826831582,,,,,,,
0.01191786032656009,,,,7.297034738313124,,,,,,,
0.02634535715693425,,,,12.81069067461882,,,,,,,
0.04049644096078659,,,,18.32447901902459,,,,,,,
0.05421979227077537,,,,23.83850769766109,,,,,,,
0.0673684604696403,,,,,29.35289599559912,,,,,,,
0.07980115531329356,,,,34.86762552831692,,,,,,,
0.09138430666711213,,,,40.38272957368981,,,,,,,
0.1019934218751477,,,,,45.89823394085042,,,,,,,
0.1115144957357954,,,,,51.41416013682969,,,,,,,
0.1198452113441402,,,,,56.93046982458507,,,,,,,
0.1268963851125611,,,,,62.44727396379788,,,,,,,
0.1325925269107604,,,,,67.96457556801809,,,,,,,
0.1368728741470954,,,,,73.48242325979983,,,,,,,
0.1396919237574339,,,,,79.00081533842958,,,,,,,
0.1410199518715877,,,,,84.51976087826793,,,,,,,
0.1408432494349964,,,,,90.03936307622209,,,,,,,
0.1391641844383847,,,,,95.55957571167811,,,,,,,
0.136001214105225,,,,,,101.0803412543319,,,,,,,
0.1313885196815001,,,,,106.6017101349593,,,,,,,
0.1253756899698975,,,,,112.1236364272672,,,,,,,
0.1180270447994196,,,,,117.6461289493461,,,,,,,
0.1094210550603962,,,,,123.1691280522912,,,,,,,
0.09964946445125041,,,,128.6925582431983,,,,,,,
0.08881628404276946,,,,134.2163459439084,,,,,,,
0.07703681871670864,,,,139.7403613399214,,,,,,,
0.06443604358148541,,,,145.2646133243981,,,,,,,
0.05114770871875289,,,,150.78904809739,,,,,,,,,
0.03731278661059419,,,,156.3136342408111,,,,,,,
0.02307821599670654,,,,161.8382846006313,,,,,,,
0.008594956744505226,,,167.3630243786771,,,,,,,
-0.005983056334220901,,172.8877884380749,,,,,,,
-0.02050068487330754,,,178.4124871954825,,,,,,,
-0.03480351174159599,,,-176.0628844711986,,,,,,
-0.04873907561361272,,,-170.5384038077183,,,,,,
-0.06215874454199178,,,-165.0141325305202,,,,,,
-0.07491934782543239,,,-159.4901073290063,,,,,,
-0.0868846030875778,,,,-153.9663995401655,,,,,,
-0.09792684304306679,,,-148.443012028836,,,,,,,
-0.1079281505194961,,,,-142.9200060882386,,,,,,
-0.1167818255117059,,,,-137.3974317302661,,,,,,
-0.1243935735757912,,,,-131.8753146973407,,,,,,
-0.1306824173076246,,,,-126.3537536405993,,,,,,
-0.1355817902724729,,,,-120.8327606474655,,,,,,
-0.1390401089909797,,,,-115.3123223982465,,,,,,
-0.1410212397446729,,,,-109.7925342483009,,,,,,
-0.141504979971724,,,,,-104.2732805909461,,,,,,
-0.1404870514777523,,,,-98.75458779835051,,,,,,
-0.1379792139967061,,,,-93.2365146053679,,,,,,,
-0.1340089581213782,,,,-87.71896556812587,,,,,,
-0.1286192058391085,,,,-82.20192665968004,,,,,,
-0.1218677764277504,,,,-76.68537391247227,,,,,,
-0.1138266344553718,,,,-71.16922545434522,,,,,,
-0.1045814776553104,,,,-65.65359413714216,,,,,,
-0.09423001445345328,,,-60.13828329740537,,,,,,
-0.08288183979765854,,,-54.62334971261856,,,,,,
-0.07065695440417777,,,-49.10885652937107,,,,,,
-0.0576841504989873,,,,-43.59471997795641,,,,,,
-0.0440998787627668,,,,-38.08081751869564,,,,,,
-0.03004724028322495,,,-32.56713165895001,,,,,,
-0.01567413962697565,,,-27.05357633708833,,,,,,
-0.001132142196753302,,-21.54013172313606,,,,,,
0.01342555874265742,,,,-16.02664906084648,,,,,,
0.02784515428070104,,,,-10.51305407734952,,,,,,
0.04197401704931594,,,,-4.999258538191565,,,,,,
0.05566222155531166,,,,0.5148190632825884,,,,,,
0.06876375071430821,,,,6.029095849063499,,,,,,,
0.08113886484432195,,,,11.54364844488042,,,,,,,
0.09265524941714026,,,,17.05857989028442,,,,,,,
0.1031892665469309,,,,,22.57392319649682,,,,,,,
0.1126276450262028,,,,,28.08979515456274,,,,,,,
0.1208683220717208,,,,,33.60614143953769,,,,,,,
0.127822069118169,,,,,,39.12296586564339,,,,,,,
0.1334133697875511,,,,,44.64022047756475,,,,,,,
0.137581487166293,,,,,,50.15798686681156,,,,,,,
0.1402809407348261,,,,,55.67628023031934,,,,,,,
0.1414821314293213,,,,,61.195083738454,,,,,,,,,
0.1411717071590556,,,,,66.71447823754262,,,,,,,
0.1393526687541741,,,,,72.23445451345169,,,,,,,
0.136044410173678,,,,,,77.75496581782008,,,,,,,
0.131282434215383,,,,,,83.27602304581734,,,,,,,
0.125117883036186,,,,,,88.79766741894723,,,,,,,
0.1176170688852941,,,,,94.31985357439602,,,,,,,
0.1088607107750789,,,,,99.84250277207231,,,,,,,
0.09894280469586099,,,,105.3656233208747,,,,,,,
0.08796968170556425,,,,110.8892054308532,,,,,,,
0.0760589521376636,,,,,116.4131693185011,,,,,,,
0.06333793715698927,,,,121.9375010985942,,,,,,,
0.04994291840870482,,,,127.4619765720427,,,,,,,
0.03601665419688697,,,,132.9865976111959,,,,,,,
0.0217075892150765,,,,,138.5112713672952,,,,,,,
0.007167935359056476,,,144.0359559846432,,,,,,,
-0.007447921876612398,,149.5606580153813,,,,,,,
-0.02198452975555092,,,155.0852459969365,,,,,,,
-0.03628778093781299,,,160.609757131161,,,,,,,,
-0.0502058373193921,,,,166.1341454310781,,,,,,,
-0.06359084721797499,,,171.6583331326835,,,,,,,
-0.07630075758786428,,,177.1823237813234,,,,,,,
-0.08820039827816506,,,-177.293966776698,,,,,,,
-0.09916316575847846,,,-171.7706124727987,,,,,,
-0.1090725091501176,,,,-166.2475984455027,,,,,,
-0.1178228510372025,,,,-160.7249916297235,,,,,,
-0.1253210001001197,,,,-155.2028040907103,,,,,,
-0.1314870561135369,,,,-149.6810594202996,,,,,,
-0.1362553081002795,,,,-144.1598073703296,,,,,,
-0.1395750116522796,,,,-138.6391278104868,,,,,,
-0.14141103188866,,,,,,-133.1190265372175,,,,,,
-0.1417441573731571,,,,-127.5995548065156,,,,,,
-0.140571333517208,,,,,-122.08066933815,,,,,,,,
-0.1379056323435014,,,,-116.5623376713678,,,,,,
-0.1337761533071325,,,,-111.0445835789398,,,,,,
-0.1282276037223372,,,,-105.527352352913,,,,,,,
-0.1213198441766592,,,,-100.0106303629886,,,,,,
-0.1131270935443186,,,,-94.49434805526488,,,,,,
-0.1037372560648799,,,,-88.97851127265028,,,,,,
-0.0932507876736877,,,,-83.46309207994436,,,,,,
-0.08177955524507333,,,-77.948037623516,,,,,,,,
-0.06944558113701599,,,-72.43327039296558,,,,,,
-0.05637980035465298,,,-66.91872905302971,,,,,,
-0.04272080142694513,,,-61.40442029273888,,,,,,
-0.02861319191676125,,,-55.89034294618492,,,,,,
-0.01420587150209533,,,-50.37641112548854,,,,,,
0.0003489541767371514,,-44.86266443909081,,,,,,
0.0148982774509584,,,,,-39.34893054089594,,,,,,
0.0292885683965438,,,,,-33.83525754920735,,,,,,
0.04336872566696665,,,,-28.32142459820354,,,,,,
0.05699019499407761,,,,-22.80745129550516,,,,,,
0.07000945495228655,,,,-17.29321523834626,,,,,,
0.08228889283764126,,,,-11.7786793439605,,,,,,,
0.09369840820478198,,,,-6.263817743008593,,,,,,
0.1041169300411951,,,,,-0.74852529496941,,,,,,,
0.1134333312119496,,,,,4.767207375718372,,,,,,,
0.1215479664239137,,,,,10.28348046905012,,,,,,,
0.1283733431551169,,,,,15.80020144004192,,,,,,,
0.1338357757263034,,,,,21.31759070727976,,,,,,,
0.1378754180883434,,,,,26.83546905951145,,,,,,,
0.1404477235690932,,,,,32.35391324399951,,,,,,,
0.1415236468801341,,,,,37.87278207227035,,,,,,,
0.1410902482873389,,,,,43.39215391572159,,,,,,,
0.1391507535113749,,,,,48.91205008895155,,,,,,,
0.135724659391595,,,,,,54.43245016398807,,,,,,,
0.1308475997217354,,,,,59.95333064696312,,,,,,,
0.1245709033867899,,,,,65.47474534933603,,,,,,,
0.1169612558462273,,,,,70.99663229511435,,,,,,,
0.1080997023624463,,,,,76.51905487238791,,,,,,,
0.09808117752292303,,,,82.04190918549459,,,,,,,
0.08701298831358141,,,,87.56522139381124,,,,,,,
0.0750141279370873,,,,,93.08886154454412,,,,,,,
0.06221331124494092,,,,98.61285387713006,,,,,,,
0.04874783118574007,,,,104.137209482845,,,,,,,,
0.03476236093774206,,,,109.6618003127008,,,,,,,
0.02040692727434008,,,,115.1865376405559,,,,,,,
0.005835265594746136,,,120.7113575887855,,,,,,,
-0.008796488194546957,,126.2360764788233,,,,,,,
-0.02333238872967678,,,131.7607296267922,,,,,,,
-0.03761746429793233,,,137.2852358917081,,,,,,,
-0.05149974548243718,,,142.809546489415,,,,,,,,
-0.06483186926879499,,,148.3336562777762,,,,,,,
-0.07747242350546034,,,153.857535095327,,,,,,,,
-0.08928743032463847,,,159.3811368145584,,,,,,,
-0.1001517688176264,,,,164.9044199437735,,,,,,,
-0.1099503686535156,,,,170.427297586079,,,,,,,,
-0.1185797230205297,,,,175.9498319034641,,,,,,,
-0.1259484489450385,,,,-178.5280479302851,,,,,,
-0.1319785903235465,,,,-173.0063405145346,,,,,,
-0.1366062776887528,,,,-167.4850824926761,,,,,,
-0.1397824827794222,,,,-161.9643127181204,,,,,,
-0.1414735750797387,,,,-156.444032312757,,,,,,,
-0.1416616693629295,,,,-150.9242681976768,,,,,,
-0.1403448824749288,,,,-145.4050504157503,,,,,,
-0.1375374184906054,,,,-139.8864425915658,,,,,,
-0.1332694036392591,,,,-134.368436477191,,,,,,,
-0.1275865703106137,,,,-128.8510123302958,,,,,,
-0.1205497722298916,,,,-123.3341364188141,,,,,,
-0.1122342282941078,,,,-117.8176995441053,,,,,,
-0.1027291529686967,,,,-112.3017999648368,,,,,,
-0.09213597164522953,,,-106.7862338153119,,,,,,
-0.0805680683513592,,,,-101.2710194197148,,,,,,
-0.0681491051837239,,,,-95.75612749579349,,,,,,
-0.05501172006739575,,,-90.2415244336525,,,,,,,
-0.04129578988216238,,,-84.72706652691431,,,,,,
-0.02714737834827221,,,-79.21270311840834,,,,,,
-0.01271710140441466,,,-73.69844526235953,,,,,,
0.001841880692207725,,,-68.1842212698988,,,,,,,
0.0163749296507831,,,,,-62.67010004039042,,,,,,
0.03072832182815464,,,,-57.15600794060645,,,,,,
0.04475045636822599,,,,-51.64188175812044,,,,,,
0.0582934763248842,,,,,-46.12764635645209,,,,,,
0.07121479551495664,,,,-40.61320328534755,,,,,,
0.08337833014477619,,,,-35.09851878753929,,,,,,
0.09465602827815042,,,,-29.58356153631657,,,,,,
0.1049292131561709,,,,,-24.06826711298663,,,,,,
0.1140898278825282,,,,,-18.552475254883,,,,,,,,
0.1220408771214117,,,,,-13.03632384074649,,,,,,
0.1286984671841178,,,,,-7.519577889569669,,,,,,
0.1339916257049405,,,,,-2.002334910417318,,,,,,
0.1378637379874836,,,,,3.515475301584229,,,,,,,
0.140272868005274,,,,,,9.033842019121369,,,,,,,
0.1411923477220871,,,,,14.55280692543377,,,,,,,
0.1406110705789164,,,,,20.07235557038667,,,,,,,
0.1385337639436639,,,,,25.59240621833656,,,,,,,
0.1349809927556299,,,,,31.11296602045974,,,,,,,
0.1299890704030271,,,,,36.63397962501585,,,,,,,
0.1236097150104619,,,,,42.15542964851569,,,,,,,
0.1159095391085642,,,,,47.67733469263865,,,,,,,
0.1069694690076374,,,,,53.19969460073668,,,,,,,
0.09688417443546994,,,,58.72238126889498,,,,,,,
0.08576053080585877,,,,64.24546489455166,,,,,,,
0.0737171050951589,,,,,69.76886374052636,,,,,,,
0.0608823189466345,,,,,75.29263095284968,,,,,,,
0.04739363744488318,,,,80.81668251093808,,,,,,,
0.03339557497472589,,,,86.34101186555802,,,,,,,
0.01903846336627297,,,,91.86553253072121,,,,,,,
0.004476553818276913,,,97.39016645424108,,,,,,,
-0.01013385246455663,,,102.9148924676874,,,,,,,
-0.02463594240565011,,,108.4396646710867,,,,,,,
-0.038873899921806,,,,,113.9643183459976,,,,,,,
-0.0526950772046323,,,,119.488732250836,,,,,,,,
-0.06595174996192309,,,125.012862303337,,,,,,,,
-0.07850268746876611,,,130.5367445390972,,,,,,,
-0.09021420487820829,,,136.0603030413947,,,,,,,
-0.1009620458882367,,,,141.5835611625666,,,,,,,
-0.1106322070790172,,,,147.1064161745052,,,,,,,
-0.1191225507444218,,,,152.6288639929946,,,,,,,
-0.1263436256063643,,,,158.1509119787192,,,,,,,
-0.1322195117884568,,,,163.6725495771314,,,,,,,
-0.1366885892036279,,,,169.1937495810857,,,,,,,
-0.1397041640476882,,,,174.7144740837306,,,,,,,
-0.1412349530502887,,,,-179.7652251592102,,,,,,
-0.1412653047305228,,,,-174.2454941750176,,,,,,
-0.1397954463615207,,,,-168.7262394430912,,,,,,
-0.136841408124573,,,,,-163.2074963243315,,,,,,
-0.132434823204362,,,,,-157.6891922005788,,,,,,
-0.1266227695405901,,,,-152.1713895397949,,,,,,
-0.1194672078276692,,,,-146.654095882963,,,,,,,
-0.1110444819814241,,,,-141.137377886101,,,,,,,
-0.101444158015835,,,,,-135.6211172166045,,,,,,
-0.09076853790083693,,,-130.105316145358,,,,,,,
-0.07913124409514341,,,-124.5898816039509,,,,,,
-0.06665629885115718,,,-119.074774233214,,,,,,,
-0.05347667404311534,,,-113.5599355185518,,,,,,
-0.03973296682959222,,,-108.0453314417053,,,,,,
-0.02557161509895032,,,-102.5308462456799,,,,,,
-0.01114377823127815,,,-97.01647028374585,,,,,,
0.003396752747982337,,,-91.50212544920308,,,,,,
0.01789516597758899,,,,-85.98769516993241,,,,,,
0.03219671102497443,,,,-80.4732571508536,,,,,,,
0.04614959803809078,,,,-74.95861855053522,,,,,,
0.05960521532647985,,,,-69.44387263938948,,,,,,
0.07242083357118237,,,,-63.9289729276683,,,,,,,
0.0844607164573833,,,,,-58.41389376947435,,,,,,
0.09559770448919956,,,,-52.89855822750484,,,,,,
0.1057142517534578,,,,,-47.38297349795518,,,,,,
0.1147039335979401,,,,,-41.86708127340493,,,,,,
0.1224724456074782,,,,,-36.3507577926008,,,,,,,
0.1289382755220307,,,,,-30.83397917868772,,,,,,
0.1340337038966114,,,,,-25.31669848540074,,,,,,
0.1377053837357615,,,,,-19.79890945966693,,,,,,
0.1399149162298291,,,,,-14.28055227843123,,,,,,
0.1406391315100937,,,,,-8.761644346059287,,,,,,
0.1398703679196671,,,,,-3.242163808619754,,,,,,
0.1376165241638596,,,,,2.27787424832167,,,,,,,,
0.1339009678046011,,,,,7.798494122485118,,,,,,,
0.1287623723344712,,,,,13.31965614017242,,,,,,,
0.1222543390662646,,,,,18.84133066873489,,,,,,,
0.1144449624903862,,,,,24.36344336281208,,,,,,,
0.1054160882423275,,,,,29.88595760506374,,,,,,,
0.0952626412586952,,,,,35.40879274180299,,,,,,,
0.0840915597546919,,,,,40.93190943854217,,,,,,,
0.07202063100375572,,,,46.455338521486,,,,,,,,,
0.05917762856910792,,,,51.97902611190254,,,,,,,
0.04569876893406857,,,,57.50295250248542,,,,,,,
0.03172747786246996,,,,63.02705346827037,,,,,,,
0.01741253675816771,,,,68.55135510764377,,,,,,,
0.002907030198381749,,,74.07575961898837,,,,,,,
-0.01163392010859734,,,79.60027916414592,,,,,,,
-0.02605428784509022,,,85.12481408197927,,,,,,,
-0.04019941641593384,,,90.64935901979227,,,,,,,
-0.05391708095362233,,,96.17373913072649,,,,,,,
-0.06706023721700419,,,101.6980217281801,,,,,,,
-0.07948755282282613,,,107.2220639143405,,,,,,,
-0.09106565781332522,,,112.7457732605205,,,,,,,
-0.1016705668931962,,,,118.2690883799794,,,,,,,
-0.1111890307063328,,,,123.7919844585323,,,,,,,
-0.1195196762700609,,,,129.3144364434115,,,,,,,
-0.1265741086687911,,,,134.8364392706916,,,,,,,
-0.1322778356148679,,,,140.3580407219585,,,,,,,
-0.1365708267440134,,,,145.8791494324475,,,,,,,
-0.1394083588695721,,,,151.3997452774409,,,,,,,
-0.1407613419522012,,,,156.9199216208424,,,,,,,
-0.1406164528869106,,,,162.4396051035085,,,,,,,
-0.1389763239426633,,,,167.9588183549466,,,,,,,
-0.135859446595624,,,,,173.4775094795108,,,,,,,
-0.1312998139642847,,,,178.9957739010692,,,,,,,
-0.1253466720676857,,,,-175.4864227562038,,,,,,
-0.1180638086557045,,,,-169.9690117293035,,,,,,
-0.1095290636377269,,,,-164.45200644145,,,,,,,,
-0.09983339123871639,,,-158.9353838056276,,,,,,
-0.08908017783223804,,,-153.4192274575915,,,,,,
-0.07738369785077169,,,-147.9034663880362,,,,,,
-0.06486828344263852,,,-142.3880757244229,,,,,,
-0.05166681854978587,,,-136.8729675004895,,,,,,
-0.03791967487174624,,,-131.3581230656473,,,,,,
-0.02377295047306685,,,-125.843462157248,,,,,,,
-0.009377145366641779,,-120.3289271217744,,,,,,
0.005114766029761321,,,-114.8143504310783,,,,,,
0.01954815371054292,,,,-109.2997616616296,,,,,,
0.033768995998151,,,,,,-103.7851585569946,,,,,,
0.04762576722717476,,,,-98.27042246471612,,,,,,
0.06097064600115851,,,,-92.75548728308638,,,,,,
0.07366124652852242,,,,-87.24029812625733,,,,,,
0.08556214754099292,,,,-81.72483155798705,,,,,,
0.09654649772594395,,,,-76.20904801523598,,,,,,
0.1064973117688193,,,,,-70.6929404361847,,,,,,,
0.1153087305676957,,,,,-65.17656626174613,,,,,,
0.1228874898851647,,,,,-59.65984739956767,,,,,,
0.1291536148986919,,,,,-54.1427084759318,,,,,,,
0.1340411559830774,,,,,-48.62519292259127,,,,,,
0.1374991563036335,,,,,-43.10714545208218,,,,,,
0.1394917922043117,,,,,-37.58857963811975,,,,,,
0.1399989039391502,,,,,-32.06956929845884,,,,,,
0.1390161635648215,,,,,-26.55007414080807,,,,,,
0.1365549657484293,,,,,-21.03006707853999,,,,,,
0.1326421879516037,,,,,-15.50945574332195,,,,,,
0.1273200317019381,,,,,-9.988329065294987,,,,,,
0.1206453646032549,,,,,-4.466662001010773,,,,,,
0.1126893187573489,,,,,1.055447852842,,,,,,,,,,
0.1035362678051072,,,,,6.578005563721836,,,,,,,
0.09328302386731865,,,,12.10102190821812,,,,,,,
0.08203816119577539,,,,17.62436397624466,,,,,,,
0.06992038352686593,,,,23.14804166242077,,,,,,,
0.05705781032925411,,,,28.67195976774729,,,,,,,
0.04358657180616335,,,,34.19599152886338,,,,,,,
0.02964885371757374,,,,39.7202076284641,,,,,,,,
0.0153923283278564,,,,,45.24451558237983,,,,,,,
0.0009681608740248012,,50.76886370908288,,,,,,,
-0.01347072688620068,,,56.2933056582597,,,,,,,,
-0.0277703483209274,,,,61.81765453038663,,,,,,,
-0.04177848660993128,,,67.34194582260692,,,,,,,
-0.05534567125415941,,,72.86619114241498,,,,,,,
-0.06832658179448599,,,78.39028396492999,,,,,,,
-0.08058214576370611,,,83.91419933520805,,,,,,,
-0.09198079500922332,,,89.43787215352847,,,,,,,
-0.1024001079917711,,,,94.96126945219081,,,,,,,
-0.1117280685733456,,,,100.4843276372402,,,,,,,
-0.1198643796283179,,,,106.0069580152144,,,,,,,
-0.1267217785699045,,,,111.5291731985434,,,,,,,
-0.1322267270804891,,,,117.0508818759036,,,,,,,
-0.1363204733170543,,,,122.5720672301364,,,,,,,
-0.1389595912041655,,,,128.0927507005289,,,,,,,
-0.1401163805568539,,,,133.6128755060343,,,,,,,
-0.1397792015408256,,,,139.1325283195979,,,,,,,
-0.1379525107148945,,,,144.6516274698184,,,,,,,
-0.1346567162376271,,,,150.1702920697135,,,,,,,
-0.1299280148461966,,,,155.6884563930791,,,,,,,
-0.1238177587851614,,,,161.2062105399356,,,,,,,
-0.116392104819855,,,,,166.7234922600072,,,,,,,
-0.1077308650734451,,,,172.2404234993083,,,,,,,
-0.097926946255363,,,,,177.7570267051242,,,,,,,
-0.08708525323566106,,,-176.7266853300915,,,,,,
-0.07532144462082482,,,-171.2106539460957,,,,,,
-0.06276107418301764,,,-165.694946265557,,,,,,,
-0.0495376115169367,,,,-160.1794523125474,,,,,,
-0.03579182660949375,,,-154.6642282907333,,,,,,
-0.02166965161754476,,,-149.1492048458879,,,,,,
-0.007321022565954289,,-143.6343344161577,,,,,,
0.007101685742860657,,,-138.1195790157222,,,,,,
0.02144546640564022,,,,-132.6048186380883,,,,,,
0.0355577984488478,,,,,-127.0900283565611,,,,,,
0.04928862848172359,,,,-121.5751265299564,,,,,,
0.06249184643219004,,,,-116.0600093848966,,,,,,
0.07502644554583851,,,,-110.5447203496031,,,,,,
0.08675878758032493,,,,-105.0291337937021,,,,,,
0.09756341374890305,,,,-99.51323079563046,,,,,,
0.1073248106088586,,,,,-93.99692125300838,,,,,,
0.1159383057569711,,,,,-88.48026172443438,,,,,,
0.1233117451877672,,,,,-82.96317278515409,,,,,,
0.1293661924549934,,,,,-77.44562955769068,,,,,,
0.1340369565966385,,,,,-71.92755824654459,,,,,,
0.1372741420390747,,,,,-66.40908524237742,,,,,,
0.1390435227930363,,,,,-60.89023928711541,,,,,,
0.1393267810176127,,,,,-55.37091230881623,,,,,,
0.1381215873097199,,,,,-49.85110440589913,,,,,,
0.135441715674897,,,,,,-44.33089274794109,,,,,,
0.1313167621311984,,,,,-38.81022336809436,,,,,,
0.1257917111081884,,,,,-33.28901584604343,,,,,,
0.1189265671457845,,,,,-27.76731967879412,,,,,,
0.1107956142690427,,,,,-22.24520059656819,,,,,,
0.1014864549530665,,,,,-16.7226808596705,,,,,,,
0.09109887230313082,,,,-11.19969443899497,,,,,,
0.07974422589694556,,,,-5.676362132115647,,,,,,
0.06754370885030539,,,,-0.152695330246578,,,,,,
0.05462735714144065,,,,5.371236209224246,,,,,,,
0.04113224701323685,,,,10.89548783579816,,,,,,,
0.0272018430981764,,,,,16.41991354170807,,,,,,,
0.01298392333168894,,,,21.94442077420085,,,,,,,
-0.001370895982051628,,27.46894467769011,,,,,,,
-0.01571070391775692,,,32.99344861210934,,,,,,,
-0.02988373675305695,,,38.51788546733383,,,,,,,
-0.04373986596529433,,,44.04217612138025,,,,,,,
-0.05713237973427371,,,49.56630920542185,,,,,,,
-0.06991919621007417,,,55.09022536737246,,,,,,,
-0.08196467338120016,,,60.61396451632244,,,,,,,
-0.09314055046021381,,,66.13745655889775,,,,,,,
-0.1033276433582298,,,,71.66065971867341,,,,,,,
-0.1124171704237185,,,,77.18359708754247,,,,,,,
-0.1203116831001018,,,,82.70620508560178,,,,,,,
-0.1269263037547745,,,,88.22837750084184,,,,,,,
-0.1321898902207388,,,,93.75012752440277,,,,,,,
-0.1360456331355243,,,,99.27143188871651,,,,,,,
-0.1384517829981384,,,,104.7922419183723,,,,,,,
-0.1393821984566456,,,,110.3125464498871,,,,,,,
-0.1388266452747262,,,,115.8323090310529,,,,,,,
-0.1367909526135028,,,,121.3515200203777,,,,,,,
-0.1332969362406419,,,,126.8701962230339,,,,,,,
-0.1283821672184546,,,,132.3883475275802,,,,,,,
-0.1220994653323442,,,,137.9060550299131,,,,,,,
-0.1145164286204716,,,,143.4233307146954,,,,,,,
-0.1057146280605965,,,,148.9401888440179,,,,,,,
-0.0957886592525987,,,,154.456656807092,,,,,,,,
-0.08484497539368722,,,159.9728169004845,,,,,,,
-0.07300085630015068,,,165.4887143683439,,,,,,,
-0.06038304308348878,,,171.004399785196,,,,,,,,
-0.04712637136502128,,,176.5199192613599,,,,,,,
-0.03337250324307616,,,-177.9647603014193,,,,,,
-0.01926782590518538,,,-172.4495160608664,,,,,,
-0.00496257843460131,,,-166.9343452174866,,,,,,
0.009391040782161497,,,-161.4192354256935,,,,,,
0.0236406593786898,,,,,-155.9040892473478,,,,,,
0.03763465088216757,,,,-150.3889790702736,,,,,,
0.05122469484917873,,,,-144.8737565666331,,,,,,
0.06426634081481403,,,,-139.3584291333495,,,,,,
0.07662125864265332,,,,-133.8428435474272,,,,,,
0.08815790695443518,,,,-128.3270076481238,,,,,,
0.09875335634271003,,,,-122.8109076990975,,,,,,
0.1082945824835531,,,,,-117.2945013323863,,,,,,
0.1166796906735047,,,,,-111.7776851174524,,,,,,
0.1238187745915612,,,,,-106.2604428077025,,,,,,
0.1296351023424694,,,,,-100.7427428411664,,,,,,
0.1340659533353866,,,,,-95.2245570136819,,,,,,,
0.1370633637524155,,,,,-89.70582685839852,,,,,,
0.1385946416278854,,,,,-84.18659891923696,,,,,,
0.1386429045268766,,,,,-78.66691194768833,,,,,,
0.1372072828192413,,,,,-73.14673715996416,,,,,,
0.1360394451154521,,,,,-70.58261827589023,,,,,,
