sat_0.Earth.Latitude,,,sat_0.Earth.Longitude,,,
0.139358469572769,,,,,,-73.96756194935054,,,,,,
0.1391834963812792,,,,,-70.4132724759703,,,,,,,
0.1377953356999133,,,,,-65.16279665060546,,,,,,
0.1349206659530129,,,,,-59.67755778677431,,,,,,
0.1305963526886284,,,,,-54.16505709860368,,,,,,
0.1248761985650345,,,,,-48.64919818145067,,,,,,
0.1178235358573186,,,,,-43.13262539191714,,,,,,
0.1095148805304077,,,,,-37.61568754473556,,,,,,
0.1000397410790792,,,,,-32.09830937864172,,,,,,
0.08950025868392188,,,,-26.58055161500616,,,,,,
0.0780095954078759,,,,,-21.06234636334792,,,,,,
0.06569098101818854,,,,-15.54368408063017,,,,,,
0.0526763692586501,,,,,-10.02460683824502,,,,,,
0.03910447538100604,,,,-4.504994441436359,,,,,,
0.02512020227676217,,,,1.015046546489109,,,,,,,
0.01087217817150535,,,,6.535562414788472,,,,,,,
-0.003488216157390425,,12.05651020012188,,,,,,,
-0.01780883466929524,,,17.57791915549469,,,,,,,
-0.03193806388447668,,,23.0997876577922,,,,,,,,
-0.04572625764438411,,,28.62203770084931,,,,,,,
-0.05902763391811092,,,34.14466248775992,,,,,,,
-0.07170179311202983,,,39.66776078293312,,,,,,,
-0.0836143436625308,,,,45.19119497449204,,,,,,,
-0.09463913317225528,,,50.71495623512439,,,,,,,
-0.104659151545327,,,,,56.23899778264965,,,,,,,
-0.1135679089102952,,,,61.76332299674434,,,,,,,
-0.1212703300973119,,,,67.28785177864245,,,,,,,
-0.1276839283824814,,,,72.81247796318814,,,,,,,
-0.1327398966022932,,,,78.33725390833277,,,,,,,
-0.1363835192974067,,,,83.86206829820249,,,,,,,
-0.1385750788425228,,,,89.38683567052084,,,,,,,
-0.1392903211329588,,,,94.91148252981522,,,,,,,
-0.1385207776572737,,,,100.4359413952187,,,,,,,
-0.1362739280359492,,,,105.9601401077928,,,,,,,
-0.1325731126876097,,,,111.4841011796268,,,,,,,
-0.1274573674856178,,,,117.0077971353578,,,,,,,
-0.1209811300423901,,,,122.5311350528829,,,,,,,
-0.1132135624633691,,,,128.0540823194602,,,,,,,
-0.1042378048916452,,,,133.5766285424604,,,,,,,
-0.09415009518188688,,,139.0987589769893,,,,,,,
-0.08305878197860832,,,144.6204199064104,,,,,,,
-0.07108273596094487,,,150.1417023268999,,,,,,,
-0.05835061679457851,,,155.6625472030428,,,,,,,
-0.04499912863491639,,,161.182911449046,,,,,,,,
-0.03117141962943824,,,166.7027926599019,,,,,,,
-0.0170154722117732,,,,172.2222324513061,,,,,,,
-0.002682696093416703,,177.7412320386699,,,,,,,
0.01167360530318931,,,,-176.7402862456252,,,,,,
0.02590057889073192,,,,-171.2222110072192,,,,,,
0.03984666816984587,,,,-165.7045394687063,,,,,,
0.05336345034917542,,,,-160.1872846919537,,,,,,
0.06630731156462374,,,,-154.6704234419419,,,,,,
0.07854097887622598,,,,-149.1538648313592,,,,,,
0.08993457165363337,,,,-143.637603102419,,,,,,,
0.1003672528226523,,,,,-138.1215735347701,,,,,,
0.1097281293535801,,,,,-132.6058289709927,,,,,,
0.1179178708927574,,,,,-127.0902798579272,,,,,,
0.1248494284757661,,,,,-121.5748325284227,,,,,,
0.1304487760640507,,,,,-116.059568823665,,,,,,,
0.134656190048504,,,,,,-110.5443218000043,,,,,,
0.1374264417004986,,,,,-105.0290740324186,,,,,,
0.1387295269173804,,,,,-99.51376878678643,,,,,,
0.1385509919173002,,,,,-93.99836262266001,,,,,,
0.1368921473094385,,,,,-88.48278995902312,,,,,,
0.1337701516398705,,,,,-82.96705672674817,,,,,,
0.1292178147586932,,,,,-77.45106535279147,,,,,,
0.1232833517036084,,,,,-71.93476700113197,,,,,,
0.1160300174179361,,,,,-66.4181928629295,,,,,,,
0.1075352600454122,,,,,-60.90127944737968,,,,,,
0.09788986400865532,,,,-55.38390508494813,,,,,,
0.08719742271011797,,,,-49.86613763010199,,,,,,
0.07557274192076646,,,,-44.34794535452716,,,,,,
0.06314074939839001,,,,-38.8293135709686,,,,,,,
0.05003512909581324,,,,-33.31025187469253,,,,,,
0.0363963489307691,,,,,-27.79060118660662,,,,,,
0.02237125299757673,,,,-22.27051053366053,,,,,,
0.008110188240449406,,,-16.74992732328515,,,,,,
-0.006233889714594655,,-11.22891304530473,,,,,,
-0.02050742798920205,,,-5.707515443669722,,,,,,
-0.03455830373510043,,,-0.18563186472921,,,,,,,
-0.04823667895301905,,,5.336688976110731,,,,,,,
-0.06139690764544412,,,10.85936182902371,,,,,,,
-0.07389926318705736,,,16.38234352656361,,,,,,,
-0.08561140953911811,,,21.90565628308721,,,,,,,
-0.09640952169924821,,,27.429294892386,,,,,,,,,
-0.1061794310311551,,,,32.95315749518245,,,,,,,
-0.1148181669608198,,,,38.47725752591703,,,,,,,
-0.1222347049358363,,,,44.00160189994038,,,,,,,
-0.1283507892090058,,,,49.52611489874619,,,,,,,
-0.1331018377300409,,,,55.05068313495016,,,,,,,
-0.1364377146851663,,,,60.57531590403825,,,,,,,
-0.1383230511412656,,,,66.09999127103738,,,,,,,
-0.138737661212397,,,,,71.62461523975058,,,,,,,
-0.1376768373582302,,,,77.1491291803147,,,,,,,,
-0.1351514261465495,,,,82.67345146684346,,,,,,,
-0.131187739372133,,,,,88.19754411378133,,,,,,,
-0.1258273349277714,,,,93.72136385044924,,,,,,,
-0.1191266786469136,,,,99.24484116245985,,,,,,,
-0.1111565821174774,,,,104.7679188187243,,,,,,,
-0.102001410926989,,,,,110.2905996790637,,,,,,,
-0.09175847862917934,,,115.8127919768576,,,,,,,
-0.08053652702514691,,,121.3345966271306,,,,,,,
-0.06845533811591993,,,126.8559058017623,,,,,,,
-0.05564392749527952,,,132.3766920238948,,,,,,,
-0.04223916819947236,,,137.8969776523083,,,,,,,
-0.02838429667772352,,,143.4168269463087,,,,,,,
-0.01422765830562735,,,148.9362216565715,,,,,,,
7.893577784822489e-05,,154.4550742101584,,,,,,,
0.01438260176811336,,,,159.9734959945459,,,,,,,
0.0285303438285142,,,,,165.491528320667,,,,,,,,
0.04237070380591833,,,,171.0091182494462,,,,,,,
0.05575596031870213,,,,176.5263388809579,,,,,,,
0.0685432834370555,,,,,-177.9567847488039,,,,,,
0.08059645437955749,,,,-172.4401972041026,,,,,,
0.09178704815734696,,,,-166.9239347393948,,,,,,
0.1019961539883207,,,,,-161.4079566742102,,,,,,
0.1111155108944321,,,,,-155.892163785313,,,,,,,
0.1190483185296288,,,,,-150.3765713481389,,,,,,
0.1257105601443745,,,,,-144.8611073022239,,,,,,
0.1310316369915582,,,,,-139.3457378839475,,,,,,
0.1349551435980811,,,,,-133.8304207227158,,,,,,
0.1374394228273782,,,,,-128.3150870218223,,,,,,
0.1384579421890801,,,,,-122.7997292534915,,,,,,
0.137999618156902,,,,,,-117.2842710983614,,,,,,
0.1360688835273767,,,,,-111.7686397382363,,,,,,
0.1326856909569198,,,,,-106.2527950359944,,,,,,
0.127885449807222,,,,,,-100.7367956766362,,,,,,
0.1217184174765965,,,,,-95.22047123698547,,,,,,
0.1142496129572117,,,,,-89.70387362329845,,,,,,
0.1055578190904538,,,,,-84.18690297218446,,,,,,
0.09573514270601431,,,,-78.66957308933696,,,,,,
0.08488583132428588,,,,-73.1518295151059,,,,,,,
0.07312528116251722,,,,-67.63361054520993,,,,,,
0.06057918150457911,,,,-62.11499425982269,,,,,,
0.04738152787028976,,,,-56.59589403711793,,,,,,
0.03367367472201497,,,,-51.07628976626894,,,,,,
0.01960286864273402,,,,-45.55624152525125,,,,,,
0.005320126746023899,,,-40.03569089657288,,,,,,
-0.009020891379815297,,-34.5146790706483,,,,,,,
-0.0232659133034446,,,,-28.99322368256811,,,,,,
-0.0372618375162674,,,,-23.47129761389387,,,,,,
-0.0508581587137904,,,,-17.94894215649158,,,,,,
-0.06390880184657666,,,-12.42621188959873,,,,,,
-0.07627376391052153,,,-6.903171345384227,,,,,,
-0.08782086295621147,,,-1.379797328683219,,,,,,
-0.09842669017516428,,,4.143796014659882,,,,,,,
-0.1079786233626426,,,,9.66770850291892,,,,,,,,
-0.116375045676502,,,,,15.19172613253198,,,,,,,
-0.1235274792164659,,,,20.71596140945733,,,,,,,
-0.1293606155601717,,,,26.2403415619623,,,,,,,,
-0.1338133696886355,,,,31.76476931257736,,,,,,,
-0.1368395504340463,,,,37.2892852160151,,,,,,,,
-0.138408035537378,,,,,42.81371776544188,,,,,,,
-0.1385032472146917,,,,48.33816913253499,,,,,,,
-0.1371250778451207,,,,53.86251084138678,,,,,,,
-0.1342889179224362,,,,59.3867328630276,,,,,,,,
-0.1300254947302992,,,,64.91072971694945,,,,,,,
-0.1243804184786133,,,,70.434504536926,,,,,,,,,
-0.1174137933808578,,,,75.95800734880102,,,,,,,
-0.1091996569998817,,,,81.4811428237515,,,,,,,,
-0.09982501873404093,,,87.00391698210653,,,,,,,
-0.0893892620765647,,,,92.52624798737891,,,,,,,
-0.07800275115152466,,,98.04819069613296,,,,,,,
-0.06578635652121162,,,103.5696116134855,,,,,,,
-0.05286947016119108,,,109.0905614490874,,,,,,,
-0.03938934921117467,,,114.6109622819165,,,,,,,
-0.02548905214406616,,,120.1308842240525,,,,,,,
-0.01131655481869527,,,125.6502904280156,,,,,,,
0.002977107614139404,,,131.169159788157,,,,,,,,
0.01723969115652819,,,,136.6875748470735,,,,,,,
0.03131902993284874,,,,142.2055856998748,,,,,,,
0.04506433749228894,,,,147.7230670809132,,,,,,,
0.05832911496125698,,,,153.2402199118061,,,,,,,
0.07097120974171804,,,,158.7569461325124,,,,,,,
0.0828556557168337,,,,,164.2733765182753,,,,,,,
0.09385541414701511,,,,169.7895659703513,,,,,,,
0.1038528367282562,,,,,175.3055042922303,,,,,,,
0.1127412029726164,,,,,-179.1787557756206,,,,,,
0.1204256741754274,,,,,-173.6632028428222,,,,,,
0.1268244623027066,,,,,-168.1477569722688,,,,,,
0.131869476429496,,,,,,-162.6324283437441,,,,,,
0.135507264474974,,,,,,-157.1170623880955,,,,,,
0.1376992314048947,,,,,-151.6017042175434,,,,,,
0.1384222645863248,,,,,-146.0862808057252,,,,,,
0.1376688126687895,,,,,-140.5707367963149,,,,,,
0.1354469682849192,,,,,-135.0550778909768,,,,,,
0.1317802820716391,,,,,-129.5391898550208,,,,,,
0.1267076005969286,,,,,-124.0230940555674,,,,,,
0.1202825165777425,,,,,-118.5067158942338,,,,,,
0.1125728489450039,,,,,-112.989989939413,,,,,,,
0.1036600608215035,,,,,-107.472918537799,,,,,,,
0.09363836313496934,,,,-101.9554981969827,,,,,,
0.08261371532091771,,,,-96.43770089748604,,,,,,
0.07070273864137208,,,,-90.91947553161909,,,,,,
0.05803171062956296,,,,-85.40082645915236,,,,,,
0.04473503179766469,,,,-79.88169613335148,,,,,,
0.03095411484386214,,,,-74.36208088500348,,,,,,
0.0168359060687266,,,,,-68.84201466240204,,,,,,
0.002531112135246264,,,-63.32147682455292,,,,,,
-0.01180723430552862,,,-57.80045842306046,,,,,,
-0.0260253193458759,,,,-52.2789996100781,,,,,,,
-0.03997070986586247,,,-46.75699797294597,,,,,,
-0.05349295464830704,,,-41.23463532746705,,,,,,
-0.06644661879599328,,,-35.7118395152031,,,,,,,
-0.07869170734117853,,,-30.18878538730007,,,,,,
-0.09009647084340004,,,-24.66536534927115,,,,,,
-0.1005378644165317,,,,-19.14163925015554,,,,,,
-0.1099032160546574,,,,-13.61775044199888,,,,,,
-0.1180920442194555,,,,-8.093595738935289,,,,,,
-0.1250163114346781,,,,-2.569350523050935,,,,,,
-0.1306021567679939,,,,2.955029381810549,,,,,,,
-0.1347901862040407,,,,8.479435384221796,,,,,,,
-0.1375363795603533,,,,14.00388231274536,,,,,,,
-0.1388123358206649,,,,19.52831534961639,,,,,,,
-0.138605595647541,,,,,25.05265897423082,,,,,,,
-0.1369197005909425,,,,30.57686886903559,,,,,,,
-0.13377407279549,,,,,,36.10086395264401,,,,,,,
-0.1292035845387884,,,,41.62471379497309,,,,,,,
-0.1232583057468275,,,,47.14830826701544,,,,,,,
-0.1160026951922412,,,,52.67165018580916,,,,,,,
-0.1075149875425362,,,,58.19469205797174,,,,,,,
-0.09788636171698262,,,63.71734207540894,,,,,,,
-0.08721958777965685,,,69.2396615522961,,,,,,,,
-0.0756284288771788,,,,74.76157536544959,,,,,,,
-0.06323610555132674,,,80.28307057709885,,,,,,,
-0.05017426801856597,,,85.80407715555253,,,,,,,
-0.03658122931094253,,,91.32464750239636,,,,,,,
-0.02260106882242854,,,96.8447377432351,,,,,,,,
-0.008381932199051687,,102.3643121657728,,,,,,,
0.005925437077401842,,,107.8833249523903,,,,,,,
0.02016957621421859,,,,113.4018481575217,,,,,,,
0.03419935410231022,,,,118.9198755288818,,,,,,,
0.04786586995788209,,,,124.4374515412651,,,,,,,
0.06102378315044189,,,,129.9545794821793,,,,,,,
0.07353320439297273,,,,135.4713698970056,,,,,,,
0.08526060050874283,,,,140.9877846476969,,,,,,,
0.09608083858728127,,,,146.5038946158054,,,,,,,
0.105878231186269,,,,,,152.0197375790609,,,,,,,
0.1145479455690922,,,,,157.5353862482234,,,,,,,
0.121997009052497,,,,,,163.0508478938382,,,,,,,
0.1281455595753362,,,,,168.5662011942643,,,,,,,
0.132927591571331,,,,,,174.0815109177043,,,,,,,
0.1362916998015801,,,,,179.5968116336934,,,,,,,
0.1382016873203478,,,,,-174.8878899149823,,,,,,
0.1386369917113844,,,,,-169.3725451203211,,,,,,
0.1375928381275854,,,,,-163.8570564451126,,,,,,
0.135080271673203,,,,,,-158.3413932083489,,,,,,
0.1311259882603926,,,,,-152.8254632789411,,,,,,
0.1257721105052212,,,,,-147.3092743104488,,,,,,
0.1190756245554086,,,,,-141.7927851997116,,,,,,
0.1111078812769493,,,,,-136.2760394615999,,,,,,
0.1019534543120379,,,,,-130.7589163265782,,,,,,
0.09170969119798367,,,,-125.2414614664712,,,,,,
0.08048516342356207,,,,-119.7235744929573,,,,,,
0.06839906689164581,,,,-114.2053072558505,,,,,,
0.05557937819770453,,,,-108.6865671691447,,,,,,
0.04216212816810875,,,,-103.1673954835304,,,,,,
0.02828951016274352,,,,-97.64774803273633,,,,,,
0.01410889825532635,,,,-92.12769193089643,,,,,,
-0.000229532781945196,,-86.60705980451459,,,,,,
-0.01457294318649401,,,-81.08601258053665,,,,,,
-0.02876865957153129,,,-75.56451834453247,,,,,,
-0.04266522577768404,,,-70.04259438765396,,,,,,
-0.05611397472921184,,,-64.52030056889599,,,,,,
-0.06897102461207386,,,-58.99756966680613,,,,,,
-0.08109804508589051,,,-53.47453831559168,,,,,,
-0.0923646598714561,,,,-47.95116507208886,,,,,,
-0.102649217913782,,,,,-42.42753126399443,,,,,,
-0.1118406751378716,,,,-36.90358263775624,,,,,,
-0.1198393210064861,,,,-31.37942731893046,,,,,,
-0.1265583393946924,,,,-25.85512492792556,,,,,,
-0.1319247456337208,,,,-20.3307163916446,,,,,,,
-0.135880235662008,,,,,-14.80620255851488,,,,,,
-0.1383817559063696,,,,-9.281751586291922,,,,,,
-0.1394022525885228,,,,-3.757348660132567,,,,,,
-0.1389307982083635,,,,1.766954715396012,,,,,,,
-0.1369727398732656,,,,7.291162553192946,,,,,,,
-0.1335496778942892,,,,12.81515975179777,,,,,,,
-0.1286991782548632,,,,18.33887836203337,,,,,,,
-0.1224741197638439,,,,23.86239605183058,,,,,,,
-0.1149423888662929,,,,29.38558881238772,,,,,,,
-0.1061857155489938,,,,34.9084753657004,,,,,,,,
-0.09629892951389928,,,40.43101715532024,,,,,,,
-0.08538879714269146,,,45.95317686975893,,,,,,,
-0.07357267120025074,,,51.47497631488314,,,,,,,
-0.0609773729071588,,,,56.9963936147345,,,,,,,,
-0.04773789557607075,,,62.51733541520861,,,,,,,
-0.03399551025609977,,,68.03781951654764,,,,,,,
-0.01989639456602746,,,73.5579033605627,,,,,,,,
-0.005590566075706235,,79.07750453441318,,,,,,,
0.008770268541171845,,,84.59663688107041,,,,,,,
0.02303393597898626,,,,90.11527777638318,,,,,,,
0.03704963283431136,,,,95.63348019419553,,,,,,,
0.05066911622959654,,,,101.1512430473785,,,,,,,
0.0637484066674936,,,,,106.6685906801936,,,,,,,
0.07614892398698778,,,,112.1854296025158,,,,,,,
0.0877397857795205,,,,,117.7019419277543,,,,,,,
0.09839813601285052,,,,123.2181505006212,,,,,,,
0.1080106885225957,,,,,128.7340028408192,,,,,,,
0.1164754088215533,,,,,134.249653683545,,,,,,,,
0.1237019531531975,,,,,139.7651020377841,,,,,,,
0.1296130359541654,,,,,145.2804078179618,,,,,,,
0.1341451573202067,,,,,150.7955989544725,,,,,,,
0.1372494293139382,,,,,156.3108076823233,,,,,,,
0.1388919786408503,,,,,161.8260492496057,,,,,,,
0.1390545045967252,,,,,167.341353767644,,,,,,,,
0.1377344948918724,,,,,172.856799085427,,,,,,,,
0.1349452987249206,,,,,178.3724065872777,,,,,,,
0.1307159626164845,,,,,-176.1117160159501,,,,,,
0.1250910748595001,,,,,-170.5955900215185,,,,,,
0.1181301120571592,,,,,-165.0791185570244,,,,,,
0.1099071226059169,,,,,-159.5623792921822,,,,,,
0.1005094952582723,,,,,-154.0452874542432,,,,,,
0.09003714332741655,,,,-148.5277566283627,,,,,,
0.07860162146445816,,,,-143.0097973043164,,,,,,
0.0663248728682751,,,,,-137.4914700705558,,,,,,
0.0533373874954501,,,,,-131.9726652632841,,,,,,
0.039777480283885,,,,,,-126.4534210806285,,,,,,
0.02578927813927709,,,,-120.9336908868235,,,,,,
0.01152171868004452,,,,-115.4135608776609,,,,,,
-0.002873926174954496,,-109.8928968876822,,,,,,
-0.01724457175015634,,,-104.3717576460174,,,,,,
-0.03143737057871804,,,-98.8502167763462,,,,,,,
-0.04530173554222799,,,-93.3281907220608,,,,,,,
-0.05868996050437896,,,-87.80580589915141,,,,,,
-0.07145951583978032,,,-82.28309918935716,,,,,,
-0.08347451731322282,,,-76.75999896903186,,,,,,
-0.09460657898578261,,,-71.23656762711276,,,,,,
-0.1047365167981769,,,,-65.71285491777296,,,,,,
-0.1137555625463701,,,,-60.18892502105286,,,,,,
-0.1215666671187896,,,,-54.6647689916127,,,,,,,
-0.1280853359277564,,,,-49.14044349262478,,,,,,
-0.1332406914416442,,,,-43.61602625455073,,,,,,
-0.1369763884737299,,,,-38.09149648441202,,,,,,
-0.1392510926094258,,,,-32.56698850158983,,,,,,
-0.1400392121577831,,,,-27.04253172782045,,,,,,
-0.1393311379512295,,,,-21.51814159534113,,,,,,
-0.137133450603598,,,,,-15.99390857990991,,,,,,
-0.1334689141842498,,,,-10.46987144842535,,,,,,
-0.1283762796528041,,,,-4.946081775400526,,,,,,
-0.1219098581032344,,,,0.5774389806370676,,,,,,
-0.1141389945104429,,,,6.100642545688487,,,,,,,
-0.1051472361683725,,,,11.62351253476444,,,,,,,
-0.09503149084991465,,,17.14599864362612,,,,,,,
-0.08390087883010336,,,22.66805635263596,,,,,,,
-0.07187530280439414,,,28.18972617607158,,,,,,,
-0.05908448090390873,,,33.71093983792137,,,,,,,
-0.04566605235857311,,,39.23171792998711,,,,,,,
-0.03176428934966209,,,44.75204617849658,,,,,,,
-0.01752831882741804,,,50.27194371323212,,,,,,,
-0.003110757463143296,,55.79135058450378,,,,,,,
0.01133453410715943,,,,61.31034947030869,,,,,,,
0.02565362133106031,,,,66.82897729280474,,,,,,,
0.03969406805150572,,,,72.34720117430335,,,,,,,
0.05330660129645882,,,,77.86493597911823,,,,,,,
0.06634722427903318,,,,83.38227378762988,,,,,,,
0.0786780294493301,,,,,88.89922482141505,,,,,,,
0.09016893754586301,,,,94.41586569609146,,,,,,,
0.1006986416728256,,,,,99.93217294671338,,,,,,,
0.1101560972703122,,,,,105.448140571997,,,,,,,,
0.1184417804251207,,,,,110.9638967484539,,,,,,,
0.1254682182112286,,,,,116.4794326448109,,,,,,,
0.1311612143884897,,,,,121.9948095863979,,,,,,,
0.1354604598593181,,,,,127.5100607512546,,,,,,,
0.1383202244638798,,,,,133.0252565235122,,,,,,,
0.1397097937408357,,,,,138.5404163615774,,,,,,,
0.1396138740465943,,,,,144.0556272772839,,,,,,,
0.1380327305832657,,,,,149.5709919993382,,,,,,,
0.1349822852007617,,,,,155.0865341082008,,,,,,,
0.1304940707817963,,,,,160.6022449204551,,,,,,,
0.1246149027450296,,,,,166.1181644674685,,,,,,,
0.1174062754781307,,,,,171.6344535573957,,,,,,,
0.1089440382656863,,,,,177.1511415185028,,,,,,,
0.09931767755637472,,,,-177.3318185708914,,,,,,
0.08862902909176459,,,,-171.814337619476,,,,,,,
0.07699165264730229,,,,-166.2964546261156,,,,,,
0.06452925263370406,,,,-160.7781367141908,,,,,,
0.051374443033552,,,,,,-155.2593450951782,,,,,,
0.03766734642349971,,,,-149.7400531183759,,,,,,
0.02355424270647441,,,,-144.2203133385897,,,,,,
0.009185457318676116,,,-138.7000557072898,,,,,,
-0.005285623057814409,,-133.1793471204072,,,,,,
-0.0197048532259491,,,,-127.6581460087779,,,,,,
-0.03391834208765518,,,-122.1365562465568,,,,,,
-0.04777487886977924,,,-116.6145300270132,,,,,,
-0.06112705141428755,,,-111.0920528425781,,,,,,
-0.07383266581070511,,,-105.5692058308724,,,,,,
-0.08575660422409098,,,-100.0460166053634,,,,,,
-0.09677208467795845,,,-94.52251386817987,,,,,,
-0.10676194242868,,,,,,-88.99873971568428,,,,,,
-0.1156197980938127,,,,-83.47477765977781,,,,,,
-0.1232513334514135,,,,-77.95063905125225,,,,,,
-0.1295751215494119,,,,-72.42631391517669,,,,,,
-0.1345233705836518,,,,-66.90185302589248,,,,,,
-0.138042713660176,,,,,-61.37735374941807,,,,,,
-0.1400948579476339,,,,-55.85290274625783,,,,,,
-0.1406569983093932,,,,-50.32843551868385,,,,,,
-0.1397220009643125,,,,-44.80408062088341,,,,,,
-0.1372985911124684,,,,-39.27980209594087,,,,,,
-0.1334113537607052,,,,-33.75569250555873,,,,,,
-0.1281005386782152,,,,-28.23180971259292,,,,,,
-0.1214216964018376,,,,-22.70820234432881,,,,,,
-0.113445180067498,,,,,-17.18493143958959,,,,,,
-0.1042554427069961,,,,-11.66205506495081,,,,,,
-0.09395010522480356,,,-6.139591621722537,,,,,,
-0.08263886355474276,,,-0.6175009202755298,,,,,
-0.07044263410113034,,,4.904161520261295,,,,,,,
-0.05749210747649529,,,10.42533447651895,,,,,,,
-0.04392602092935035,,,15.94606752112301,,,,,,,
-0.02989015155360382,,,21.46629479457048,,,,,,,
-0.01553523662494203,,,26.98602460325031,,,,,,,
-0.001015169172624653,,32.50537455760255,,,,,,,
0.01351373308366687,,,,38.02419459494718,,,,,,,
0.02789580541687371,,,,43.54257418875812,,,,,,,
0.04197715350648718,,,,49.06061123532247,,,,,,,
0.05560693585856494,,,,54.57824862741284,,,,,,,
0.0686395999363669,,,,,60.09549854266016,,,,,,,
0.08093637056287767,,,,65.61241788354329,,,,,,,
0.0923665675374488,,,,,71.12904531041146,,,,,,,
0.1028089561513948,,,,,76.64538545471987,,,,,,,
0.1121530616970302,,,,,82.1614304649998,,,,,,,,
0.1203004701970807,,,,,87.67728247523867,,,,,,,
0.1271654975079163,,,,,93.1929924160595,,,,,,,,
0.1326760021336952,,,,,98.70847398496458,,,,,,,
0.1367744634448056,,,,,104.2238529814537,,,,,,,
0.1394181557859743,,,,,109.7392044521867,,,,,,,
0.1405796002003409,,,,,115.2545202558632,,,,,,,
0.1402468949925078,,,,,120.7698399038656,,,,,,,
0.1384237491184223,,,,,126.2852495336089,,,,,,,
0.1351294480285725,,,,,131.8007765267796,,,,,,,
0.1303986667075526,,,,,137.3164616320386,,,,,,,
0.1242810748668344,,,,,142.8323904765193,,,,,,,
0.1168409013922687,,,,,148.3486257222861,,,,,,,
0.1081563301145706,,,,,153.8652133607476,,,,,,,
0.09831880936067046,,,,159.3821536205332,,,,,,,
0.08743191767298901,,,,164.8995332951447,,,,,,,
0.07561074404774659,,,,170.4173025951012,,,,,,,
0.06298014754215597,,,,175.9355625907294,,,,,,,
0.04967401500605374,,,,-178.5456978589531,,,,,,
0.03583356126890153,,,,-173.026457812007,,,,,,,
0.02160585579224906,,,,-167.5066791751883,,,,,,
0.007142628243191672,,,-161.986451893471,,,,,,,
-0.007402046165709619,,-156.4657338137941,,,,,,
-0.0218730632890908,,,,-150.9444934037097,,,,,,
-0.03611559102135863,,,-145.4228627471367,,,,,,
-0.04997764833702435,,,-139.900803276011,,,,,,,
-0.06331121797954664,,,-134.3783167495307,,,,,,
-0.07597386889945107,,,-128.8554506076914,,,,,,
-0.08783063719638781,,,-123.3321534511761,,,,,,
-0.09875492119790426,,,-117.8085302695421,,,,,,
-0.108630181021612,,,,,-112.284719160849,,,,,,,
-0.1173516321386221,,,,-106.7606088207145,,,,,,
-0.124826400055217,,,,,-101.2363750570024,,,,,,
-0.1309753356585641,,,,-95.71193821920042,,,,,,
-0.135733157150753,,,,,-90.18742899774723,,,,,,
-0.1390495155222292,,,,-84.66284838050599,,,,,,
-0.1408892674938495,,,,-79.138271701318,,,,,,,,
-0.1412328937998017,,,,-73.61376658113497,,,,,,
-0.1400766427222266,,,,-68.08934764824235,,,,,,
-0.1374325715797552,,,,-62.56513605427565,,,,,,
-0.1333283217033225,,,,-57.04109581201056,,,,,,
-0.1278068717061463,,,,-51.51724799725314,,,,,,
-0.120926150640763,,,,,-45.99364517775657,,,,,,
-0.1127585000369783,,,,-40.47036720116154,,,,,,
-0.1033898850816711,,,,-34.94746194474017,,,,,,
-0.09291895581447764,,,-29.424917534932,,,,,,,,
-0.08145632346881167,,,-23.90280512406509,,,,,,
-0.0691231160306861,,,,-18.38110163923086,,,,,,
-0.0560501203183279,,,,-12.85987008410681,,,,,,
-0.04237607976435507,,,-7.339095497440571,,,,,,
-0.02824642897854417,,,-1.818769112974705,,,,,,
-0.0138120109036763,,,,3.701018942469378,,,,,,,
0.0007731818038648966,,9.220339518489238,,,,,,,
0.01535296179436142,,,,14.73909138587906,,,,,,,
0.02977147895416558,,,,20.25742685766549,,,,,,,
0.04387416815366605,,,,25.7753482946367,,,,,,,,
0.05750966064728069,,,,31.29283391118468,,,,,,,
0.0705316505362793,,,,,36.80989301577792,,,,,,,
0.08280060797909403,,,,42.32660705256914,,,,,,,
0.09418508908739325,,,,47.84303250382116,,,,,,,
0.1045631956420669,,,,,53.359193112943,,,,,,,,,
0.1138240192656196,,,,,58.87512540037827,,,,,,,
0.1218688243045999,,,,,64.39087037086929,,,,,,,
0.1286121395329473,,,,,69.90651120494714,,,,,,,
0.1339824822538165,,,,,75.42203681260141,,,,,,,
0.1379232846372855,,,,,80.93748384640634,,,,,,,
0.1403933662633837,,,,,86.45288505708093,,,,,,,
0.1413673132105736,,,,,91.96830518578018,,,,,,,
0.1408356492568098,,,,,97.48376497883987,,,,,,,
0.1388048545054625,,,,,102.9993745248261,,,,,,,
0.1352973328448744,,,,,108.5150385455088,,,,,,,
0.1303509737140635,,,,,114.0308552692929,,,,,,,
0.1240187664463912,,,,,119.5468685483676,,,,,,,
0.116368214810329,,,,,,125.063109134934,,,,,,,,
0.1074804282344249,,,,,130.5797089012123,,,,,,,
0.09744972806949176,,,,136.0966076921165,,,,,,,
0.08638221500110607,,,,141.6138636682675,,,,,,,
0.07439468144802983,,,,147.1316054819122,,,,,,,
0.0616139467931378,,,,,152.6497955964861,,,,,,,
0.04817523270432007,,,,158.1684130829343,,,,,,,
0.03422058885295682,,,,163.6875239255567,,,,,,,
0.01989772607061404,,,,169.2071594958809,,,,,,,
0.005358640934789982,,,174.727268739525,,,,,,,,
-0.009242483263258152,,-179.7520823958994,,,,,,
-0.02375028268008091,,,-174.2309453426867,,,,,,
-0.03801017463878977,,,-168.7093722446297,,,,,,
-0.05187042738074193,,,-163.1872541667834,,,,,,
-0.06518277159133254,,,-157.6647281677186,,,,,,
-0.0778049860656438,,,,-152.1418027638489,,,,,,
-0.08960198765740253,,,-146.6185540110142,,,,,,
-0.1004476643889258,,,,-141.0949752476511,,,,,,
-0.1102260186470695,,,,-135.5710861992485,,,,,,
-0.1188324760376155,,,,-130.0469311338292,,,,,,
-0.1261750177539368,,,,-124.5226168742634,,,,,,
-0.1321754477080761,,,,-118.9981199724595,,,,,,
-0.1367699139861459,,,,-113.4735110880222,,,,,,
-0.1399097314014343,,,,-107.948875227333,,,,,,,
-0.1415619026879465,,,,-102.424251881294,,,,,,,
-0.1417093682835255,,,,-96.89965807412183,,,,,,
-0.1403511442607281,,,,-91.37519783667808,,,,,,
-0.1375022492416822,,,,-85.850846739831,,,,,,,,
-0.133193540901772,,,,,-80.32670440791239,,,,,,
-0.1274712696453683,,,,-74.80280366986494,,,,,,
-0.1203965656266536,,,,-69.27919156810935,,,,,,
-0.1120447767552906,,,,-63.75593311770073,,,,,,
-0.102504527888197,,,,,-58.23303496425842,,,,,,
-0.09187675777630291,,,-52.71046437417738,,,,,,
-0.080273936757585,,,,,-47.18828607286482,,,,,,
-0.06781879655878803,,,-41.6665768346396,,,,,,,
-0.05464279956568652,,,-36.14531050784145,,,,,,
-0.040885123009349,,,,,-30.62450698893144,,,,,,
-0.02669111435321208,,,-25.10416903955919,,,,,,
-0.01221093633902222,,,-19.58432861535467,,,,,,
0.002402168360592182,,,-14.06496739263083,,,,,,
0.01699325373116407,,,,-8.546092593446973,,,,,,
0.03140734876507118,,,,-3.027709249404483,,,,,,
0.04549114399034222,,,,2.490203223561931,,,,,,,
0.05909479694228269,,,,8.007767835515519,,,,,,,
0.07207265870949167,,,,13.52485012978705,,,,,,,
0.08428594022293547,,,,19.04148580904713,,,,,,,
0.09560400644974545,,,,24.55781494156611,,,,,,,
0.1059053971824827,,,,,30.07389171187358,,,,,,,
0.1150792486360758,,,,,35.58967310834183,,,,,,,
0.1230269001916835,,,,,41.10520031418815,,,,,,,
0.1296630066304636,,,,,46.6206701520647,,,,,,,,
0.1349159595236552,,,,,52.13600483327895,,,,,,,
0.1387293163254197,,,,,57.65133190756818,,,,,,,
0.1410620721286124,,,,,63.16665155684097,,,,,,,
0.1418892829294416,,,,,68.68198741270358,,,,,,,
0.141202276036108,,,,,,74.1974551117933,,,,,,,,
0.1390087052511819,,,,,79.71304742432503,,,,,,,
0.1353324636677674,,,,,85.2287954874998,,,,,,,,
0.130213339787716,,,,,,90.74475019372143,,,,,,,
0.1237066006773443,,,,,96.26090686963323,,,,,,,
0.1158821406679567,,,,,101.777374921447,,,,,,,,
0.1068239996883549,,,,,107.2941148281183,,,,,,,
0.09662905870652234,,,,112.8112009728001,,,,,,,
0.08540638822620004,,,,118.3285661389249,,,,,,,
0.07327536338252606,,,,123.8463589843284,,,,,,,
0.06036522964119576,,,,129.3645219912758,,,,,,,
0.04681304851870132,,,,134.8831200630571,,,,,,,
0.03276268776747741,,,,140.4021492296024,,,,,,,
0.01836298238265817,,,,145.921679869419,,,,,,,,
0.003766576596342957,,,151.4417097598828,,,,,,,
-0.0108718363224419,,,,156.9622428032854,,,,,,,
-0.02539715011390545,,,162.4833075470798,,,,,,,
-0.03965503540609965,,,168.0048014469475,,,,,,,
-0.05349426362198918,,,173.5267681825377,,,,,,,
-0.06676778709475119,,,179.049211566953,,,,,,,,
-0.0793343532120699,,,,-175.4278794970813,,,,,,
-0.09105979851920898,,,-169.9046360811848,,,,,,
-0.1018190780924693,,,,-164.3810504682128,,,,,,
-0.1114972047016574,,,,-158.8571597378927,,,,,,
-0.1199905364002704,,,,-153.3330612695204,,,,,,
-0.1272082135116625,,,,-147.8087355539967,,,,,,
-0.133072903286202,,,,,-142.2841966591964,,,,,,
-0.137521677726233,,,,,-136.7595466829135,,,,,,
-0.1405068702787274,,,,-131.2349185036287,,,,,,
-0.1419966975139524,,,,-125.7102343178208,,,,,,
-0.1419753891191711,,,,-120.1856082301571,,,,,,
-0.1404434756781067,,,,-114.66099630239,,,,,,,,
-0.1374178102790897,,,,-109.13657157232,,,,,,,,
-0.1329312484068247,,,,-103.6123019901118,,,,,,
-0.1270324681103681,,,,-98.08835782162865,,,,,,
-0.1197850274836287,,,,-92.56468156599139,,,,,,
-0.1112668997055252,,,,-87.04132148037935,,,,,,
-0.1015694840620209,,,,-81.51831625603883,,,,,,
-0.09079655473635642,,,-75.99569324650575,,,,,,
-0.07906312111275533,,,-70.47348181461297,,,,,,
-0.06649418338568973,,,-64.95172068289904,,,,,,
-0.05322327093761373,,,-59.43041117891754,,,,,,
-0.03939109706097803,,,-53.90955564559079,,,,,,
-0.02514429903127826,,,-48.38923900113408,,,,,,
-0.01063326841466179,,,-42.86937565966715,,,,,,
0.003988548510830421,,,-37.35003851664113,,,,,,
0.0185668292389306,,,,,-31.83122044555763,,,,,,
0.03294797924092987,,,,-26.31281847861756,,,,,,
0.04697997451354297,,,,-20.79490369391241,,,,,,
0.06051489344445302,,,,-15.27733376941993,,,,,,
0.0734092172390326,,,,,-9.760234731699581,,,,,,
0.08552659284095006,,,,-4.243473073945265,,,,,,
0.09673821286183661,,,,1.272908197732014,,,,,,,
0.1069248018780966,,,,,6.78896435823002,,,,,,,,
0.1159776516942631,,,,,12.30474857972196,,,,,,,
0.1237997518349245,,,,,17.82026829092614,,,,,,,
0.1303070937369733,,,,,23.33564377241235,,,,,,,
0.1354292761940213,,,,,28.85083868884297,,,,,,,
0.1391107091646868,,,,,34.36599363622428,,,,,,,
0.1413109743586346,,,,,39.8811217076703,,,,,,,,
0.1420055049735227,,,,,45.39625547825276,,,,,,,
0.1411858859881138,,,,,50.91148105408394,,,,,,,
0.1388599780203582,,,,,56.42685642969562,,,,,,,
0.1350519053348569,,,,,61.94242663846465,,,,,,,
0.1298017882904469,,,,,67.45827424427195,,,,,,,
0.1231654854994279,,,,,72.97436062001142,,,,,,,
0.1152136299590192,,,,,78.49084759278621,,,,,,,
0.1060314494162382,,,,,84.00762552608109,,,,,,,
0.09571714105332953,,,,89.52480079330432,,,,,,,
0.08438124357824935,,,,95.04237021872427,,,,,,,
0.07214542157549426,,,,100.5602522239299,,,,,,,
0.0591404557541442,,,,,106.0785730272638,,,,,,,
0.04550549228521076,,,,111.5973336764588,,,,,,,
0.03138641514541531,,,,117.1164747595216,,,,,,,
0.01693380728659063,,,,122.636050342347,,,,,,,,
0.002301712781546662,,,128.1560703852284,,,,,,,
-0.01235427975556405,,,133.6766077137038,,,,,,,
-0.02687812320320419,,,139.1975891907531,,,,,,,
-0.04111557697011706,,,144.7190346077009,,,,,,,
-0.05491545914227978,,,150.240924417553,,,,,,,,
-0.06813126178071981,,,155.7632172650713,,,,,,,
-0.08062289293106373,,,161.2859503727693,,,,,,,
-0.09225771905579996,,,166.8090723293009,,,,,,,
-0.102912210398213,,,,,172.332557485363,,,,,,,,
-0.1124731196289359,,,,177.8563566850049,,,,,,,
-0.1208388143858048,,,,-176.6195150938445,,,,,,
-0.1279200363571663,,,,-171.0951887472533,,,,,,
-0.133641320815192,,,,,-165.5706297053938,,,,,,
-0.1379414102571336,,,,-160.0459621751195,,,,,,
-0.1407742055471612,,,,-154.5213232506565,,,,,,
-0.1421093523905892,,,,-148.9966012133852,,,,,,
-0.1419323497723804,,,,-143.4718775741547,,,,,,
-0.1402449483950843,,,,-137.9472752601503,,,,,,
-0.1370651241335321,,,,-132.4228090500243,,,,,,
-0.1324269314926841,,,,-126.8985491386389,,,,,,
-0.1263800465303895,,,,-121.3744706316428,,,,,,
-0.1189894206448163,,,,-115.8506589039868,,,,,,
-0.1103345541658957,,,,-110.3272202954378,,,,,,
-0.1005083889387016,,,,-104.8041532782006,,,,,,
-0.08961634027909533,,,-99.281437471305,,,,,,,,
-0.07777535277534117,,,-93.75914533558688,,,,,,
-0.06511236704620686,,,-88.23731622968663,,,,,,
-0.05176292624501891,,,-82.71597884705163,,,,,,
-0.03786966083173221,,,-77.1951513834279,,,,,,,
-0.02358053534050208,,,-71.67477459786171,,,,,,
-0.009047668620447671,,-66.15488167119825,,,,,,
0.005574600419147358,,,-60.63547898676797,,,,,,
0.02013126654731553,,,,-55.1165814636798,,,,,,,
0.03446837976204831,,,,-49.59817723109582,,,,,,
0.04843464879055672,,,,-44.08022211779795,,,,,,
0.06188297851466099,,,,-38.56263708120453,,,,,,
0.07467158154879643,,,,-33.04546323994911,,,,,,
0.08666590873207645,,,,-27.52865711850177,,,,,,
0.09773967839329316,,,,-22.01222388896554,,,,,,
0.107776381883063,,,,,,-16.49610002361372,,,,,,
0.1166700879910715,,,,,-10.98034911971494,,,,,,
0.124327116827206,,,,,,-5.464795864770229,,,,,,
0.1306663140784577,,,,,0.05057802987434115,,,,,
0.1356202245167241,,,,,5.565820450817734,,,,,,,
0.139135731978095,,,,,,11.08091315651355,,,,,,,
0.1411747937191634,,,,,16.59598487765426,,,,,,,
0.1417147077772787,,,,,22.11108289280282,,,,,,,
0.1407485139713366,,,,,27.62623459969263,,,,,,,
0.1382851632657035,,,,,33.14147138699206,,,,,,,
0.1343494104907835,,,,,38.65694088909122,,,,,,,
0.1289818004884539,,,,,44.1726242353264,,,,,,,,
0.1222382063771004,,,,,49.68857969155421,,,,,,,
0.1141893476331573,,,,,55.20485560342687,,,,,,,
0.1049201441067981,,,,,60.72146876398811,,,,,,,
0.09452862485337928,,,,66.2385333349406,,,,,,,,
0.08312537397174585,,,,71.75599783470783,,,,,,,
0.07083188087617145,,,,77.27390894488933,,,,,,,
0.05777951856834893,,,,82.7922538532931,,,,,,,,
0.0441078709313031,,,,,88.31106376593473,,,,,,,
0.02996327969560283,,,,93.83036752356396,,,,,,,
0.01549741285084289,,,,99.35011840351139,,,,,,,
0.0008652440205571832,,104.8703112833611,,,,,,,
-0.01377644339767694,,,110.3909556073505,,,,,,,
-0.02827102477418477,,,115.9120394297682,,,,,,,
-0.04246348893307041,,,121.4335550619759,,,,,,,
-0.05620220338350836,,,126.9554649044248,,,,,,,
-0.06934070839853046,,,132.47777978594,,,,,,,,,
-0.08173902448842851,,,138.0004580494941,,,,,,,
-0.093265316116154,,,,,143.5234843863185,,,,,,,
-0.1037972462962019,,,,149.0468738365988,,,,,,,
-0.1132230207042764,,,,154.5705600205274,,,,,,,
-0.1214428272156168,,,,160.0945536081389,,,,,,,
-0.1283695684279312,,,,165.6187739270121,,,,,,,
-0.1339299610775085,,,,171.1431760555647,,,,,,,
-0.1380652543084329,,,,176.6677835138981,,,,,,,
-0.1407316551860611,,,,-177.8075434120306,,,,,,
-0.1419010242689282,,,,-172.2827867423208,,,,,,
-0.1415610326924138,,,,-166.7581180338445,,,,,,
-0.1397153889431543,,,,-161.2335196280114,,,,,,
-0.1363837562966982,,,,-155.709036613339,,,,,,,
-0.1316015816035378,,,,-150.1846933307295,,,,,,
-0.1254198389109857,,,,-144.6605779039414,,,,,,
-0.1179044910860524,,,,-139.1367637990882,,,,,,
-0.109135691998203,,,,,-133.6132441862404,,,,,,
-0.09920724998773627,,,-128.0901300000077,,,,,,
-0.08822512840062154,,,-122.5673453371437,,,,,,
-0.07630708672227694,,,-117.0450457690993,,,,,,
-0.06358052805066203,,,-111.5231684027585,,,,,,
-0.05018164696266315,,,-106.0017095323891,,,,,,
-0.03625408576234982,,,-100.4807659423368,,,,,,
-0.02194689404007514,,,-94.96034711609425,,,,,,
-0.007412971724004898,,-89.44042318041443,,,,,,
0.007192646113447321,,,-83.92091619659773,,,,,,
0.02171384528300903,,,,-78.40194462569843,,,,,,
0.03599603508171476,,,,-72.88348690322019,,,,,,
0.04988753044497297,,,,-67.36549231362015,,,,,,
0.0632410648142249,,,,,-61.84792352464641,,,,,,
0.0759152555800028,,,,,-56.33080099793015,,,,,,
0.087776375408082,,,,,,-50.81408189260324,,,,,,
0.09869967050389666,,,,-45.29766710264193,,,,,,
0.1085702516794558,,,,,-39.78158810847999,,,,,,
0.1172847593122709,,,,,-34.26574130523627,,,,,,
0.1247519410221955,,,,,-28.75012387609918,,,,,,
0.1308937903917753,,,,,-23.23469076743582,,,,,,
0.1356461985584725,,,,,-17.719415481693,,,,,,,,
0.1389596138968791,,,,,-12.20422973966878,,,,,,
0.1407994323186128,,,,,-6.689135321838892,,,,,,
0.1411464060872122,,,,,-1.174018350730144,,,,,,
0.1399967547484772,,,,,4.341119328685807,,,,,,,
0.1373622373500434,,,,,9.856374982727948,,,,,,,
0.1332700901089481,,,,,15.37175801582018,,,,,,,
0.1277627440090928,,,,,20.88733323171783,,,,,,,
0.1208975004661019,,,,,26.403128994734,,,,,,,,,
0.1127458803935043,,,,,31.9192446103111,,,,,,,,
0.1033931185785479,,,,,37.43571703690319,,,,,,,
0.09293745875253784,,,,42.95250167006758,,,,,,,
0.0814886738363345,,,,,48.46974752155229,,,,,,,
0.06916754499129106,,,,53.9874794469148,,,,,,,,
0.05610452937800953,,,,59.50568463096639,,,,,,,
0.04243825695890122,,,,65.02438096749664,,,,,,,
0.02831414582349422,,,,70.54358032422196,,,,,,,
0.01388279863503695,,,,76.06330688508706,,,,,,,
-0.0007015201685817345,81.5835644434224,,,,,,,,
-0.01528260861413423,,,87.10429808362426,,,,,,,
-0.02970400914859918,,,92.62547507452241,,,,,,,
-0.04381103432224649,,,98.14708801794967,,,,,,,
-0.05745241403699448,,,103.6691790316217,,,,,,,
-0.07048146578124898,,,109.1916148757537,,,,,,,
-0.08275845119171346,,,114.7143714454427,,,,,,,
-0.09415199922390917,,,120.2375052730504,,,,,,,
-0.104540099872545,,,,,125.7609461599066,,,,,,,
-0.1138117764148334,,,,131.2846469283205,,,,,,,
-0.121868263554184,,,,,136.8085937884947,,,,,,,
-0.1286239770982928,,,,142.3327824369401,,,,,,,
-0.1340072947598148,,,,147.8571216015858,,,,,,,
-0.1379614975574848,,,,153.3816302802979,,,,,,,
-0.140445088568992,,,,,158.9061634465533,,,,,,,
-0.141432410880846,,,,,164.4307450922572,,,,,,,
-0.1409136893386649,,,,169.9553391510766,,,,,,,
-0.1388951398017929,,,,175.479903303942,,,,,,,,
-0.1353989114206066,,,,-178.9956602300698,,,,,,
-0.1304627725453306,,,,-173.4713812113758,,,,,,
-0.1241397564120413,,,,-167.9473363105649,,,,,,
-0.1164974926518039,,,,-162.4235384333568,,,,,,
-0.107617530785392,,,,,-156.8999944190322,,,,,,
-0.09759465800099788,,,-151.3767878896416,,,,,,
-0.08653579874040367,,,-145.8539819854207,,,,,,
-0.07455889563245872,,,-140.3316217274774,,,,,,
-0.06179151277519702,,,-134.8096670642575,,,,,,
-0.04836983716338006,,,-129.2881462010953,,,,,,
-0.03443715667898309,,,-123.7671026369702,,,,,,
-0.02014225696659058,,,-118.2465619220368,,,,,,
-0.005637861944429882,,-112.7265476561201,,,,,,
0.008921391881889475,,,-107.2069398413676,,,,,,
0.02337951374321639,,,,-101.6879015270455,,,,,,
0.03758235471424128,,,,-96.16931148844313,,,,,,
0.05137810746017589,,,,-90.65122085567563,,,,,,
0.06461970359761918,,,,-85.13357153401141,,,,,,
0.07716595665059738,,,,-79.61638607575692,,,,,,
0.08888344232365099,,,,-74.09963172016188,,,,,,
0.09964801807467197,,,,-68.58316290849802,,,,,,
0.1093454943733749,,,,,-63.06705538760395,,,,,,
0.1178736508137586,,,,,-57.55120043229768,,,,,,
0.1251427214968277,,,,,-52.03562446852585,,,,,,
0.1310767156720884,,,,,-46.52022656655415,,,,,,
0.1356138901144342,,,,,-41.00495489790474,,,,,,
0.138707426212165,,,,,,-35.48973228823886,,,,,,
0.1403257949828087,,,,,-29.97457516710983,,,,,,
0.1404531113535139,,,,,-24.45937841995406,,,,,,
0.1390891494220159,,,,,-18.94415072843933,,,,,,
0.1362493222263254,,,,,-13.42885400170356,,,,,,
0.1319644195041706,,,,,-7.913427513295638,,,,,,
0.1262802597566198,,,,,-2.397828813319689,,,,,,
0.1192571109243646,,,,,3.118037218473114,,,,,,,
0.1109692943228896,,,,,8.634134082759545,,,,,,,
0.101504106998557,,,,,,14.15054830705031,,,,,,,
0.09096125681853251,,,,19.66726998042331,,,,,,,
0.07945155620702568,,,,25.1843803928761,,,,,,,,
0.06709603043167635,,,,30.70193160275668,,,,,,,
0.0540247927001096,,,,,36.21992895592007,,,,,,,
0.040375440803896,,,,,,41.73846634307405,,,,,,,
0.02629233322774086,,,,47.25745980842505,,,,,,,
0.01192430891441015,,,,52.77698213663135,,,,,,,
-0.002576389974711833,,58.29707861880878,,,,,,,
-0.01705546306122975,,,63.81768128365831,,,,,,,
-0.03135869963031558,,,69.33880625118125,,,,,,,
-0.045333357825405,,,,,74.86044868910298,,,,,,,
-0.05882972687497827,,,80.38253975259742,,,,,,,
-0.07170313437822268,,,85.90508821021717,,,,,,,
-0.0838151185875842,,,,91.42799374849336,,,,,,,
-0.09503550442602537,,,96.95127049039547,,,,,,,
-0.1052434577255384,,,,102.4748615534791,,,,,,,
-0.1143290692835404,,,,107.9987349885892,,,,,,,
-0.1221945083780028,,,,113.5228316271163,,,,,,,
-0.1287551824519622,,,,119.047087614042,,,,,,,,
-0.1339406928272019,,,,124.5714377390007,,,,,,,
-0.1376956777802966,,,,130.0959367773412,,,,,,,
-0.1399801667998734,,,,135.6204817570051,,,,,,,
-0.1407701983825273,,,,141.1450196398436,,,,,,,
-0.1400579720376053,,,,146.6695466051444,,,,,,,
-0.1378518551309793,,,,152.1940295698254,,,,,,,
-0.1341763322846315,,,,157.7183313669268,,,,,,,
-0.1290715213316186,,,,163.242489053978,,,,,,,,
-0.1225927400903121,,,,168.7664975572447,,,,,,,
-0.1148100256898719,,,,174.2902380532467,,,,,,,
-0.105807067265568,,,,,179.8137101609678,,,,,,,
-0.0956804654463248,,,,-174.6631299929476,,,,,,
-0.08453871574483099,,,-169.1403621136629,,,,,,
-0.07250079315370747,,,-163.6179748183663,,,,,,
-0.05969523907951659,,,-158.0960374521136,,,,,,
-0.04625842590899743,,,-152.5745204163393,,,,,,
-0.03233356779534513,,,-147.0534814197053,,,,,,
-0.01806892822167745,,,-141.5329332919196,,,,,,
-0.003616167790743214,,-136.0128062049677,,,,,,
0.01087049843319542,,,,-130.4932282116395,,,,,,
0.02523704581377519,,,,-124.9740912677757,,,,,,
0.03933022080729556,,,,-119.4554506200079,,,,,,
0.052999741048482,,,,,,-113.9373077099799,,,,,,
0.0660999299244452,,,,,-108.4195942981502,,,,,,
0.07849101208762473,,,,-102.902281815521,,,,,,,
0.09004059156041681,,,,-97.38541557477832,,,,,,
0.1006255387679279,,,,,-91.86891476969127,,,,,,
0.110132895225627,,,,,,-86.35278484219256,,,,,,
0.1184615362857553,,,,,-80.83688556812716,,,,,,
0.1255227457409073,,,,,-75.32126050772095,,,,,,
0.131241683529552,,,,,,-69.80583621204698,,,,,,
0.1355580016363929,,,,,-64.2905154363005,,,,,,,
0.1384263840282634,,,,,-58.77536574225508,,,,,,
0.1398172786584865,,,,,-53.26024334441872,,,,,,
0.1397169457111977,,,,,-47.74510792038974,,,,,,
0.1381276559701954,,,,,-42.22993283191299,,,,,,
0.1350675652710451,,,,,-36.71462149025698,,,,,,
0.1305704520591633,,,,,-31.19910693527047,,,,,,
0.124685475312367,,,,,,-25.68348047034761,,,,,,
0.1174761734281655,,,,,-20.16757514284509,,,,,,
0.1090201549573909,,,,,-14.65141513645283,,,,,,
0.09940792867181095,,,,-9.134943789379189,,,,,,
0.08874208144520791,,,,-3.618154589045903,,,,,,
0.07713602634032331,,,,1.898994132866981,,,,,,,
0.0647128977665519,,,,,7.416523658587652,,,,,,,
0.05160414166268674,,,,12.9344923528439,,,,,,,,
0.03794839160125724,,,,18.45289784921757,,,,,,,
0.02388979139436335,,,,23.97179166135948,,,,,,,
0.009576811169939097,,,29.49116922743037,,,,,,,
-0.004839442172979917,,35.01104951834075,,,,,,,
-0.01920672388613308,,,40.53146628204075,,,,,,,
-0.0333729012549664,,,,46.05235753604572,,,,,,,
-0.04718811590181405,,,51.57380487831193,,,,,,,
-0.06050553090503137,,,57.09572155663561,,,,,,,
-0.07318352484242216,,,62.61811417124567,,,,,,,
-0.08508686697606511,,,68.14095382144897,,,,,,,
-0.09608822873157483,,,73.6641946744211,,,,,,,,
-0.106069566738133,,,,,79.18775962576457,,,,,,,
-0.1149236926092161,,,,84.71168897687434,,,,,,,
-0.1225550190414588,,,,90.23587185537029,,,,,,,
-0.1288809966711209,,,,95.7602096003932,,,,,,,,
-0.1338331576553159,,,,101.2847281254525,,,,,,,
-0.1373576247641109,,,,106.809292061388,,,,,,,,
-0.1394160508368303,,,,112.3339478166231,,,,,,,
-0.1399858571852384,,,,117.8585469048859,,,,,,,
-0.1390606683502605,,,,123.3831066462083,,,,,,,
-0.1366503073448736,,,,128.9075825952778,,,,,,,
-0.1327807954449911,,,,134.4318412971343,,,,,,,
-0.1274938270783574,,,,139.9559736753093,,,,,,,
-0.1208465111723924,,,,145.4799119392003,,,,,,,
-0.1129106604372471,,,,151.0035867053124,,,,,,,
-0.1037719088557181,,,,156.5269560490432,,,,,,,
-0.09352865303762023,,,162.0500288667617,,,,,,,
-0.08229116728184513,,,167.5727341485084,,,,,,,
-0.07018012905808786,,,173.0950564957504,,,,,,,
-0.05732531862376172,,,178.6170029626288,,,,,,,
-0.0438643814320628,,,,-175.8614730948964,,,,,,
-0.02994123501513319,,,-170.3404186988054,,,,,,
-0.01570429463353741,,,-164.8197909788168,,,,,,
-0.001305345014989446,,-159.2996307309229,,,,,,
0.01310229237702158,,,,-153.7799634680729,,,,,,
0.02736537338299536,,,,-148.2607929207007,,,,,,
0.04133238531389908,,,,-142.7420726371081,,,,,,
0.05485479890643635,,,,-137.2238274364989,,,,,,
0.06778888320861007,,,,-131.7060449576911,,,,,,
0.07999712459287596,,,,-126.1887020786593,,,,,,
0.09134982275467131,,,,-120.6716810463333,,,,,,
0.1017259082084708,,,,,-115.155029882961,,,,,,,
0.1110147936696379,,,,,-109.6387048656596,,,,,,
0.1191173163092472,,,,,-104.1226941186906,,,,,,
0.1259469111734209,,,,,-98.60697466699148,,,,,,
0.1314306220493269,,,,,-93.09144864776668,,,,,,
0.1355097552821363,,,,,-87.57607326664618,,,,,,
0.1381406278953446,,,,,-82.06085676927361,,,,,,
0.1392951618758416,,,,,-76.54572862785547,,,,,,
0.1389611399973966,,,,,-71.03063798433259,,,,,,
0.137142338540892,,,,,,-65.51543749058331,,,,,,
0.1338585425219319,,,,,-60.00011438180026,,,,,,
0.1291453681946695,,,,,-54.48464485825947,,,,,,
0.1230538523770304,,,,,-48.96899765964979,,,,,,
0.1156498555426648,,,,,-43.45313075764352,,,,,,
0.1070132347634167,,,,,-37.93695599024147,,,,,,
0.09723708948518424,,,,-32.42044999577406,,,,,,
0.08642666792630509,,,,-26.90360646243331,,,,,,
0.07469802611960254,,,,-21.38636399625564,,,,,,
0.06217685402831597,,,,-15.86868047581595,,,,,,
0.04899728445708503,,,,-10.35061035808305,,,,,,
0.03529999628551417,,,,-4.83211837123718,,,,,,,
0.02123087072137857,,,,0.6868332039634527,,,,,,
0.006939549672888306,,,6.206241048319437,,,,,,,
-0.007422299265763091,,11.72612432298343,,,,,,,
-0.02170235818291014,,,17.2464458525607,,,,,,,,
-0.02714351623447466,,,19.37080656008365,,,,,,,
