sat_1.Earth.Latitude,,,sat_1.Earth.Longitude,,,
0.002027160015577173,,,16.03244292022519,,,,,,,
-0.007225190699614815,,19.58670942722227,,,,,,,
-0.02082023477767897,,,24.83679199397131,,,,,,,
-0.03480640451358498,,,30.32185067804859,,,,,,,
-0.04849318472137298,,,35.8341718657115,,,,,,,,
-0.0616738743431408,,,,41.3498005334679,,,,,,,,
-0.07420250197750969,,,46.86610994648455,,,,,,,
-0.0859456700388983,,,,52.38274791501257,,,,,,,
-0.09677906002288875,,,57.89978623702906,,,,,,,
-0.1065875482798394,,,,63.41722195743156,,,,,,,
-0.1152666409540749,,,,68.93508276410448,,,,,,,
-0.1227235785531038,,,,74.45343856777991,,,,,,,
-0.1288782120463988,,,,79.97230992501375,,,,,,,
-0.1336639790831672,,,,85.49168854565247,,,,,,,
-0.1370287239457756,,,,91.01155007162589,,,,,,,
-0.1389353693451245,,,,96.53192507108275,,,,,,,
-0.1393623274808614,,,,102.0527998644604,,,,,,,
-0.1383038484056471,,,,107.5741840943592,,,,,,,
-0.1357701799689609,,,,113.0960162201282,,,,,,,
-0.1317875266961158,,,,118.6182650179929,,,,,,,
-0.1263978036104655,,,,124.1409016305614,,,,,,,
-0.1196581718978773,,,,129.6639268795014,,,,,,,
-0.1116406360210814,,,,135.1872182189587,,,,,,,
-0.1024308821552662,,,,140.710817342453,,,,,,,,
-0.09212769784535496,,,146.2346529778647,,,,,,,
-0.08084158810872862,,,151.758723689883,,,,,,,,
-0.06869374620918181,,,157.282979066527,,,,,,,,
-0.05581458346690627,,,162.8073824345263,,,,,,,
-0.04234236668978965,,,168.3318696350662,,,,,,,
-0.02842146354753407,,,173.8564400813668,,,,,,,
-0.01420114777492044,,,179.380997477252,,,,,,,,
0.0001663794193196488,,-175.0945049549666,,,,,,
0.01452754752271196,,,,-169.5701129744324,,,,,,
0.0287288448136151,,,,,-164.045929237365,,,,,,,
0.04261891725772882,,,,-158.5219544234317,,,,,,
0.05604978780580606,,,,-152.9982144364045,,,,,,
0.06887846031272926,,,,-147.4747372693413,,,,,,
0.0809682706677788,,,,,-141.9516139842665,,,,,,
0.09219060772166929,,,,-136.4288663130857,,,,,,
0.102426174191902,,,,,,-130.9064569048786,,,,,,
0.1115658389166545,,,,,-125.3844999531643,,,,,,
0.1195122626003268,,,,,-119.8630165778161,,,,,,
0.1261808277618381,,,,,-114.3419408566533,,,,,,
0.1315002422960657,,,,,-108.8213595857472,,,,,,
0.1354136648554309,,,,,-103.3012501208983,,,,,,
0.1378791453716277,,,,,-97.78168639200891,,,,,,
0.1388702571266939,,,,,-92.26261841650064,,,,,,
0.1383762932818099,,,,,-86.74399759188066,,,,,,
0.1364024911957702,,,,,-81.22589163672006,,,,,,
0.1329699731093207,,,,,-75.70821153137653,,,,,,
0.1281155781131084,,,,,-70.19093333216139,,,,,,
0.1218915128111895,,,,,-64.67404466301737,,,,,,
0.1143648172920313,,,,,-59.157544519329,,,,,,,,
0.1056164463155124,,,,,-53.64132159805662,,,,,,
0.09574067242189185,,,,-48.12537035469179,,,,,,
0.0848439260084636,,,,,-42.60968483336189,,,,,,
0.07304349318930574,,,,-37.09421171383469,,,,,,
0.06046635931221651,,,,-31.57893564581882,,,,,,
0.04724749746393286,,,,-26.06375315553057,,,,,,
0.03352876989767756,,,,-20.54865280066536,,,,,,
0.01945695597169765,,,,-15.03354631907824,,,,,,
0.005182588469021403,,,-9.518450685066005,,,,,,
-0.009142280309567581,,-4.003255074978858,,,,,,
-0.02336509902653885,,,1.512039019245448,,,,,,,
-0.03733477317733168,,,7.027446421435354,,,,,,,
-0.05090351494854541,,,12.5431072589818,,,,,,,,
-0.06392780839126597,,,18.05906967905296,,,,,,,
-0.07627015958902376,,,23.57540517503396,,,,,,,
-0.08780011729121583,,,29.092037087311,,,,,,,,,
-0.09839626542532083,,,34.60905074149562,,,,,,,
-0.1079469277068138,,,,40.12647171773946,,,,,,,
-0.1163514641860235,,,,45.64436360358966,,,,,,,
-0.1235210088766523,,,,51.16264490971928,,,,,,,
-0.1293797773653645,,,,56.68135522708324,,,,,,,
-0.1338656162593756,,,,62.20054289837219,,,,,,,
-0.1369306164160159,,,,67.72022220818232,,,,,,,
-0.1385416689612353,,,,73.24034865901693,,,,,,,
-0.1386809153966456,,,,78.76091724998142,,,,,,,
-0.1373459378485723,,,,84.28195567545838,,,,,,,
-0.1345498532597096,,,,89.80345175958186,,,,,,,
-0.1303212741839637,,,,95.32538547717915,,,,,,,
-0.1247041378355085,,,,100.8476915880479,,,,,,,
-0.1177571725197124,,,,106.3704042316702,,,,,,,
-0.1095535310452683,,,,111.8934667872317,,,,,,,
-0.1001799458463955,,,,117.4168576926938,,,,,,,
-0.08973589648670909,,,122.9405464129505,,,,,,,
-0.07833264975139413,,,128.4644610487749,,,,,,,
-0.06609184066911568,,,133.9886039226656,,,,,,,
-0.05314450953180489,,,139.5128822281769,,,,,,,
-0.03962935890348496,,,145.0372530559787,,,,,,,
-0.02569132064861856,,,150.5616726649993,,,,,,,
-0.01148009205231838,,,156.0860399226793,,,,,,,
0.002851995196792214,,,161.6103768727254,,,,,,,
0.01715120178294915,,,,167.1346455266226,,,,,,,
0.03126416279444046,,,,172.6587810538036,,,,,,,
0.04503970593803863,,,,178.1827421080492,,,,,,,
0.05833037766025343,,,,-176.2935387212747,,,,,,
0.07099415141793905,,,,-170.7701096548568,,,,,,
0.08289598608722495,,,,-165.2469754854871,,,,,,
0.09390904385842104,,,,-159.7241877764621,,,,,,
0.1039161279312906,,,,,-154.2017994409862,,,,,,
0.1128109929484903,,,,,-148.6797997079588,,,,,,
0.1204992480957248,,,,,-143.1582030777659,,,,,,
0.1268992873185021,,,,,-137.6370982395182,,,,,,
0.1319433284820426,,,,,-132.116490328155,,,,,,,
0.1355779724203307,,,,,-126.596345843989,,,,,,,
0.1377646652902363,,,,,-121.0766992075944,,,,,,
0.1384801854907808,,,,,-115.5574394562495,,,,,,
0.1377168110524889,,,,,-110.0387130505859,,,,,,
0.135482540496032,,,,,,-104.5205046032708,,,,,,
0.1318009141207098,,,,,-99.00274602139058,,,,,,
0.1267108356670123,,,,,-93.48540577726634,,,,,,
0.1202662528543966,,,,,-87.96848359511279,,,,,,
0.1125354813097199,,,,,-82.45188169598123,,,,,,
0.1036008352436845,,,,,-76.93564367510844,,,,,,
0.09355746667737105,,,,-71.41970426380786,,,,,,
0.08251243352539263,,,,-65.90396377363626,,,,,,
0.07058383161821974,,,,-60.38841081111396,,,,,,
0.05789938471603157,,,,-54.87302752507519,,,,,,
0.04459495714355229,,,,-49.3577487961455,,,,,,,
0.03081341808955394,,,,-43.84260850613864,,,,,,
0.01670243260551802,,,,-38.32748080179194,,,,,,
0.002413616290356875,,,-32.81239896971275,,,,,,
-0.01190000280186897,,,-27.29721907969764,,,,,,
-0.02608480587020502,,,-21.78196140033443,,,,,,
-0.03998893049805737,,,-16.26656113409167,,,,,,
-0.05346358508788091,,,-10.75101032479885,,,,,,
-0.06636498590362921,,,-5.235233851350993,,,,,,
-0.0785558431471986,,,,0.2808955998065227,,,,,,
-0.08990639670887417,,,5.797364316059605,,,,,,,
-0.1002961324466949,,,,11.31415275662752,,,,,,,
-0.1096152362023927,,,,16.83135738050991,,,,,,,
-0.1177653215969773,,,,22.34899439589777,,,,,,,
-0.1246605637619183,,,,27.86706477516611,,,,,,,
-0.1302286352511442,,,,33.38564688520707,,,,,,,
-0.1344111216777313,,,,38.90461864308887,,,,,,,
-0.1371644698812231,,,,44.42406621203514,,,,,,,
-0.13846008028229,,,,,,49.94399283803544,,,,,,,
-0.1382846545570132,,,,55.4643534252732,,,,,,,,
-0.1366402961143223,,,,60.98520456874533,,,,,,,
-0.1335445317414287,,,,66.50641764193844,,,,,,,
-0.1290300263529377,,,,72.02803868217741,,,,,,,
-0.1231443078038188,,,,77.55005933202416,,,,,,,
-0.115949385269311,,,,,83.07240781285034,,,,,,,
-0.1075209316644032,,,,88.59512461663806,,,,,,,
-0.09794783490606186,,,94.11813990381826,,,,,,,
-0.08733108156396366,,,99.64145082845073,,,,,,,
-0.07578297241216299,,,105.1649932702975,,,,,,,
-0.06342572502760034,,,110.68877970791,,,,,,,,,
-0.05039054324754154,,,116.2127475372017,,,,,,,
-0.03681605961675165,,,121.7368567482541,,,,,,,
-0.02284700519049877,,,127.2610353987456,,,,,,,
-0.008632515997490282,,132.7852401915904,,,,,,,
0.005675230597001269,,,138.3093578991629,,,,,,,
0.01992328630440673,,,,143.8334402729804,,,,,,,
0.03395885939257524,,,,149.3574112638042,,,,,,,
0.04763134066635273,,,,154.881194199359,,,,,,,,
0.06079412027555429,,,,160.4047694147644,,,,,,,
0.07330612039646477,,,,165.9281422339367,,,,,,,
0.08503305638564523,,,,171.4512056171375,,,,,,,
0.09584929141535972,,,,176.9738930432966,,,,,,,
0.1056392791754088,,,,,-177.5037656613656,,,,,,
0.1142984776551404,,,,,-171.9818084725976,,,,,,
0.1217345789353979,,,,,-166.4603012219067,,,,,,
0.1278686643129206,,,,,-160.9391813987568,,,,,,
0.1326356670289449,,,,,-155.4185144243714,,,,,,
0.1359852459869937,,,,,-149.89835337996,,,,,,,,
0.137882271268078,,,,,,-144.3786736733595,,,,,,
0.1383070457389524,,,,,-138.8594385217249,,,,,,
0.1372554796349061,,,,,-133.3406990460414,,,,,,
0.1347390924876468,,,,,-127.8223964156542,,,,,,
0.130784842127815,,,,,,-122.3045105866196,,,,,,
0.1254348749812434,,,,,-116.7870603276815,,,,,,
0.1187460263386641,,,,,-111.270027066988,,,,,,,
0.1107892082216316,,,,,-105.7533670565216,,,,,,
0.1016486992169876,,,,,-100.2370318254287,,,,,,
0.09142141765433254,,,,-94.72103164015532,,,,,,
0.0802156178036182,,,,,-89.20525406919307,,,,,,
0.06815025065389642,,,,-83.68970808981548,,,,,,
0.0553532262700008,,,,,-78.17426181591574,,,,,,
0.04196075206098457,,,,-72.65893631912509,,,,,,
0.02811554608586116,,,,-67.14372578665309,,,,,,
0.01396519467875346,,,,-61.62854759596595,,,,,,
-0.0003391081004145327,-56.11335988270317,,,,,,
-0.01464420528531404,,,-50.59817401912257,,,,,,
-0.02879689361869292,,,-45.08290693047056,,,,,,
-0.04264551567825604,,,-39.56746162580735,,,,,,
-0.05604130024208685,,,-34.05183419866863,,,,,,
-0.06884029008590394,,,-28.53601673948774,,,,,,
-0.08090510269101517,,,-23.01992747578203,,,,,,
-0.09210609508712282,,,-17.50357381165309,,,,,,
-0.1023231235007836,,,,-11.98691538612455,,,,,,
-0.1114469345555811,,,,-6.469799281130267,,,,,,
-0.1193797689113972,,,,-0.9523144214196966,,,,,
-0.1260370735344186,,,,4.565565739453874,,,,,,,
-0.1313482343381383,,,,10.08394325229261,,,,,,,
-0.1352570657841478,,,,15.60275806724602,,,,,,,
-0.1377226407139286,,,,21.12201295731019,,,,,,,
-0.138719583604928,,,,,26.64177863683657,,,,,,,
-0.1382382266950109,,,,32.16196061640994,,,,,,,
-0.1362847314010883,,,,37.68254800404063,,,,,,,
-0.132880907097068,,,,,43.20351033946264,,,,,,,
-0.1280638075914096,,,,48.72491784319034,,,,,,,
-0.1218854725715157,,,,54.24667928523827,,,,,,,
-0.1144120984270867,,,,59.76882954618772,,,,,,,
-0.1057235652700483,,,,65.29128809791156,,,,,,,
-0.09591230590598611,,,70.81407010822629,,,,,,,
-0.08508262658362166,,,76.33709791107115,,,,,,,
-0.07334944931514306,,,81.86031969167452,,,,,,,
-0.06083701763127668,,,87.38374969998756,,,,,,,
-0.04767792790688082,,,92.90733134283522,,,,,,,
-0.03401163401169153,,,98.43101387220203,,,,,,,
-0.01998284168414518,,,103.9548240568742,,,,,,,
-0.005740522315757104,,109.4786710280123,,,,,,,
0.008564110236701637,,,115.0025430963163,,,,,,,
0.02277892269668551,,,,120.5264097200724,,,,,,,
0.03675216492788048,,,,126.0501039753315,,,,,,,
0.0503350436923042,,,,,131.5736988662203,,,,,,,
0.0633822897730156,,,,,137.0970999659729,,,,,,,
0.07575432599119326,,,,142.6202775288054,,,,,,,
0.08731844762967897,,,,148.1431085746533,,,,,,,
0.09795090766942083,,,,153.665667437424,,,,,,,,
0.1075375753958881,,,,,159.1878911634271,,,,,,,
0.1159755754384813,,,,,164.7097434562274,,,,,,,
0.1231743771370306,,,,,170.2311820875672,,,,,,,
0.1290568350528579,,,,,175.7521810448755,,,,,,,
0.1335600475091813,,,,,-178.7272363279859,,,,,,
0.1366359445391475,,,,,-173.2070769882113,,,,,,
0.1382518346140094,,,,,-167.6873882834215,,,,,,
0.138390772642222,,,,,,-162.1681101917956,,,,,,
0.1370516597126273,,,,,-156.6493294089183,,,,,,
0.134249232848103,,,,,,-151.1310095028471,,,,,,
0.1300137643266306,,,,,-145.6130689594991,,,,,,
0.1243908645276721,,,,,-140.0955850956169,,,,,,
0.1174406166143374,,,,,-134.5784124828741,,,,,,
0.1092373825018016,,,,,-129.0616501785623,,,,,,
0.09986852671396569,,,,-123.5452383778807,,,,,,
0.08943353137742988,,,,-118.0290724861061,,,,,,
0.07804335702821881,,,,-112.5132118291217,,,,,,
0.06581866558011484,,,,-106.9975510276468,,,,,,
0.05288900531326084,,,,-101.4820490142577,,,,,,
0.03939138648231544,,,,-95.96667163396717,,,,,,
0.02546886955797195,,,,-90.45138465523175,,,,,,
0.01126902289005717,,,,-84.9361213386411,,,,,,,
-0.003057397806033616,,-79.42085526803641,,,,,,
-0.01735818501116428,,,-73.90552559152707,,,,,,
-0.03148105160529883,,,-68.39011503551673,,,,,,
-0.04527547453938893,,,-62.87455086075064,,,,,,
-0.05859395347655408,,,-57.35883642882128,,,,,,
-0.07129388617349362,,,-51.84293535667987,,,,,,
-0.08323897470563132,,,-46.32682949559278,,,,,,
-0.0943009203334831,,,,-40.81042434817789,,,,,,
-0.1043605584595046,,,,-35.29367951662885,,,,,,
-0.1133092138063322,,,,-29.77663009617257,,,,,,
-0.1210502508584713,,,,-24.25920798766959,,,,,,
-0.1274999188620066,,,,-18.74138482553608,,,,,,
-0.1325884093247238,,,,-13.22311191972768,,,,,,
-0.1362605976701373,,,,-7.704389083923727,,,,,,
-0.1384767587520013,,,,-2.185188362876241,,,,,,
-0.1392129792227343,,,,3.334437684816875,,,,,,,
-0.1384614816099252,,,,8.854512441685605,,,,,,,
-0.1362306749014785,,,,14.37496962146468,,,,,,,
-0.1325449645653774,,,,19.89587575228229,,,,,,,
-0.1274445788460621,,,,25.41712689104598,,,,,,,
-0.1209849161955622,,,,30.93873050051114,,,,,,,
-0.1132358716145256,,,,36.46071539023426,,,,,,,
-0.1042812259951653,,,,41.98299311749361,,,,,,,
-0.09421755863576241,,,47.5054809090779,,,,,,,,
-0.08315283644090886,,,53.02824257394383,,,,,,,
-0.07120566074710884,,,58.55123018088641,,,,,,,
-0.05850371973595558,,,64.07442663177507,,,,,,,
-0.04518275326942905,,,69.59769837205198,,,,,,,
-0.03138433482567281,,,75.12112139968482,,,,,,,
-0.01725513483590899,,,80.64466157753039,,,,,,,
-0.00294542961166847,,,86.16817923478028,,,,,,,
0.0113930822676973,,,,,91.69167583902593,,,,,,,
0.02560850703075608,,,,97.2151659139594,,,,,,,,
0.03955010577117248,,,,102.7386024380654,,,,,,,
0.05306986400350003,,,,108.2618837991762,,,,,,,
0.06602439711364408,,,,113.7850088364084,,,,,,,
0.07827594940700573,,,,119.3078764745184,,,,,,,
0.08969435304132109,,,,124.8305122478017,,,,,,,
0.1001579656523719,,,,,130.3528808187359,,,,,,,
0.1095550565621849,,,,,135.8749069647645,,,,,,,
0.1177851513900455,,,,,141.3965376049429,,,,,,,
0.124760238129984,,,,,,146.9178422848346,,,,,,,
0.130405379603821,,,,,,152.4387587962815,,,,,,,
0.1346598580990221,,,,,157.9592985900132,,,,,,,
0.1374777128856641,,,,,163.4793504493385,,,,,,,
0.1388284783244744,,,,,168.9989737343172,,,,,,,
0.1386973628464816,,,,,174.5181711212926,,,,,,,
0.1370854863832387,,,,,-179.9630465108153,,,,,,
0.1340099215967115,,,,,-174.4447270820855,,,,,,
0.1295033869019484,,,,,-168.9267622580014,,,,,,
0.1236140908995034,,,,,-163.4092275907067,,,,,,
0.116404969772496,,,,,,-157.8920680575388,,,,,,
0.1079530276309611,,,,,-152.3752225812957,,,,,,
0.09834866206414929,,,,-146.8587287039709,,,,,,
0.08769439295890298,,,,-141.3425452283298,,,,,,
0.07610371810173967,,,,-135.8265833673725,,,,,,
0.06370023612674962,,,,-130.3108796151938,,,,,,
0.0506156910305279,,,,,-124.7953077386443,,,,,,
0.03698922050187477,,,,-119.2798780212258,,,,,,
0.02296539492167928,,,,-113.7645232090063,,,,,,
0.008692950887100584,,,-108.2492045370665,,,,,,
-0.005677028251383298,,-102.7338031923678,,,,,,
-0.01999194849816864,,,-97.21839673286976,,,,,,
-0.03410016978399351,,,-91.70291291674167,,,,,,
-0.04785212077196901,,,-86.18729616179368,,,,,,
-0.06110186410752779,,,-80.6714914773523,,,,,,,
-0.07370836934503565,,,-75.15554281102986,,,,,,
-0.08553755776536083,,,-69.63934059423607,,,,,,
-0.09646312226881325,,,-64.12286562612573,,,,,,
-0.1063681355131089,,,,-58.60606819670142,,,,,,
-0.1151462177470216,,,,-53.08890531538261,,,,,,
-0.1227025207483253,,,,-47.57148592469476,,,,,,
-0.1289554443914789,,,,-42.05359845293872,,,,,,
-0.1338367015532915,,,,-36.53534562422486,,,,,,
-0.1372927709916278,,,,-31.01662580527508,,,,,,
-0.1392852134850094,,,,-25.497460466084,,,,,,,,
-0.1397913231612736,,,,-19.97786299899936,,,,,,
-0.1388044455713572,,,,-14.4578586968693,,,,,,,
-0.1363341255344502,,,,-8.937472401056683,,,,,,
-0.132406066950918,,,,,-3.416742490294312,,,,,,
-0.1270617977524261,,,,2.104377140444355,,,,,,,
-0.120358376670393,,,,,7.625831141095032,,,,,,,
-0.1123676575686247,,,,13.14761213846294,,,,,,,
-0.1031755814859579,,,,18.6696736990361,,,,,,,,
-0.09288113006560617,,,24.19198666961234,,,,,,,
-0.08159509101665778,,,29.71457894570617,,,,,,,
-0.06943903210103657,,,35.23741016459229,,,,,,,
-0.05654400827710999,,,40.76035581962796,,,,,,,
-0.04304846688506855,,,46.28346874257244,,,,,,,
-0.02909744126197637,,,51.80665239476149,,,,,,,
-0.0148401864898175,,,,57.3299723160854,,,,,,,,
-0.000429605750152125,,62.85323114851295,,,,,,,
0.01398053176850143,,,,68.3764396855015,,,,,,,,
0.02823699732937333,,,,73.8996597342132,,,,,,,,
0.04218791958050953,,,,79.42276177378163,,,,,,,
0.05568522102226654,,,,84.94572268591673,,,,,,,
0.06858596779958749,,,,90.46857442741137,,,,,,,
0.08075337434565626,,,,95.99121117560846,,,,,,,
0.09205857777002434,,,,101.5135374221754,,,,,,,
0.1023821880595199,,,,,107.0356050834552,,,,,,,
0.1116149322433706,,,,,112.5573426822487,,,,,,,
0.1196591530628794,,,,,118.078753436581,,,,,,,,
0.1264295769272001,,,,,123.599777526628,,,,,,,,
0.1318544394696889,,,,,129.1204832589331,,,,,,,
0.1358759350207514,,,,,134.640813539171,,,,,,,,
0.1384510605797212,,,,,140.1607464003753,,,,,,,
0.1395520580546686,,,,,145.6802457218077,,,,,,,
0.1391667596518167,,,,,151.1993294716461,,,,,,,
0.1372987265276408,,,,,156.7180075815411,,,,,,,
0.1339672980327553,,,,,162.2362538421413,,,,,,,
0.1292074041506216,,,,,167.7540891830033,,,,,,,
0.1230692396683535,,,,,173.2715336346186,,,,,,,
0.1156177651106362,,,,,178.7886087670617,,,,,,,
0.1069319551909016,,,,,-175.6946131368937,,,,,,
0.09710421903126679,,,,-170.1781701962944,,,,,,
0.08623900982745554,,,,-164.6619631752161,,,,,,
0.07445210666481643,,,,-159.1459974199138,,,,,,
0.06186901774633665,,,,-153.6302041279816,,,,,,
0.04862388500937308,,,,-148.1145744085368,,,,,,
0.0348578689591518,,,,,-142.5990886139791,,,,,,
0.02071740250750367,,,,-137.0836417408144,,,,,,
0.006353072490135224,,,-131.5682321065111,,,,,,
-0.008082470916223975,,-126.0527772483516,,,,,,
-0.02243582802230128,,,-120.537238864085,,,,,,,
-0.03655454830260778,,,-115.0215957644445,,,,,,
-0.05028871033323533,,,-109.5058564809871,,,,,,
-0.06349267298028823,,,-103.9899866586105,,,,,,
-0.07602665623754741,,,-98.47386612229371,,,,,,
-0.08775763522254051,,,-92.95751962563223,,,,,,
-0.09856113947472832,,,-87.44093701452574,,,,,,
-0.1083225388181028,,,,-81.92404616387931,,,,,,
-0.1169379898753617,,,,-76.4068197043694,,,,,,,
-0.1243155774484964,,,,-70.88924451678274,,,,,,
-0.1303763002750201,,,,-65.37130049254007,,,,,,
-0.1350549162810776,,,,-59.85292685448243,,,,,,
-0.1383005212861501,,,,-54.33417711362031,,,,,,
-0.1400773059293416,,,,-48.81502885952929,,,,,,
-0.1403648885796129,,,,-43.29541953721085,,,,,,
-0.1391585789179715,,,,-37.77534829254441,,,,,,
-0.1364696234017928,,,,-32.25493092948856,,,,,,
-0.1323250831865602,,,,-26.73412624747903,,,,,,
-0.1267677472908087,,,,-21.2130199473902,,,,,,,
-0.1198556263844789,,,,-15.69161436855725,,,,,,
-0.1116614455347428,,,,-10.16991968604913,,,,,,
-0.1022719824143747,,,,-4.647982557707482,,,,,,
-0.09178692868654677,,,0.8742550950869461,,,,,,
-0.0803181889816256,,,,6.396748403255335,,,,,,,
-0.06798852165515773,,,11.91945499721496,,,,,,,
-0.05493031776703244,,,17.44228037084374,,,,,,,
-0.04128380483634318,,,22.96521591267122,,,,,,,
-0.02719566463762316,,,28.48824753987855,,,,,,,
-0.0128174290122649,,,,34.01134004038291,,,,,,,
0.001696215397160424,,,39.53443452532086,,,,,,,
0.01618927468827337,,,,45.05748885194559,,,,,,,
0.03050619918820166,,,,50.58047875815218,,,,,,,
0.04449360652945837,,,,56.10339804983537,,,,,,,
0.05800175396262582,,,,61.6261744140795,,,,,,,,
0.07088643966805369,,,,67.14877695516965,,,,,,,
0.08301033002573564,,,,72.6711250176554,,,,,,,,
0.09424465296667782,,,,78.1931944492825,,,,,,,,
0.1044704053770674,,,,,83.71497107758367,,,,,,,
0.1135795628353896,,,,,89.23645747926622,,,,,,,
0.1214760640519834,,,,,94.75761539890182,,,,,,,
0.1280768531510754,,,,,100.2784126798986,,,,,,,
0.1333126932548176,,,,,105.7988373689251,,,,,,,
0.1371288210328988,,,,,111.3189228339566,,,,,,,
0.1394853695953203,,,,,116.8386169951436,,,,,,,
0.1403578628695568,,,,,122.3579075691953,,,,,,,
0.1397373823024008,,,,,127.8768742017614,,,,,,,
0.1376306656466971,,,,,133.3954237619606,,,,,,,
0.134060036814452,,,,,,138.9135979563052,,,,,,,
0.1290631957792665,,,,,144.4314015728928,,,,,,,
0.1226929377930203,,,,,149.9487786230319,,,,,,,
0.1150164797780406,,,,,155.4657679758685,,,,,,,
0.1061148509825381,,,,,160.9824098393297,,,,,,,
0.09608202156158652,,,,166.4987812371714,,,,,,,
0.08502410489905772,,,,172.0149101816592,,,,,,,
0.07305822304325717,,,,177.5308194311472,,,,,,,
0.06031140441546992,,,,-176.9535190391032,,,,,,
0.04691865806700021,,,,-171.4379347147458,,,,,,
0.03302246513763202,,,,-165.9224585946878,,,,,,
0.01877055073788185,,,,-160.4070205857191,,,,,,
0.004314498118607507,,,-154.8915414173219,,,,,,
-0.01019163505217834,,,-149.3760299313872,,,,,,
-0.02459321747409341,,,-143.8604981872498,,,,,,
-0.03873707330833127,,,-138.3448310551899,,,,,,
-0.0524726285367669,,,,-132.8289829173944,,,,,,
-0.06565357792534864,,,-127.3129706402839,,,,,,
-0.07813984659353443,,,-121.7967152923945,,,,,,
-0.08979861735480449,,,-116.280240873201,,,,,,,
-0.1005062232936487,,,,-110.7634538044956,,,,,,
-0.110148866809165,,,,,-105.2464254507328,,,,,,
-0.1186244093255553,,,,-99.72907633430817,,,,,,
-0.1258429662300949,,,,-94.2114134451586,,,,,,,
-0.1317280809712227,,,,-88.69334491026375,,,,,,
-0.1362172230943473,,,,-83.17487769625845,,,,,,
-0.1392625560058273,,,,-77.65604384649482,,,,,,
-0.1408314514973326,,,,-72.13680763423028,,,,,,
-0.140906722243885,,,,,-66.61711671260183,,,,,,
-0.1394868128603257,,,,-61.09701615014963,,,,,,
-0.1365858685683443,,,,-55.57651966414557,,,,,,
-0.1322335723714721,,,,-50.0556146159344,,,,,,,
-0.1264749066345981,,,,-44.53431940506754,,,,,,
-0.1193698323513839,,,,-39.01272478686514,,,,,,
-0.1109926621296961,,,,-33.49090587076351,,,,,,
-0.1014311629648015,,,,-27.96883504572408,,,,,,
-0.09078598691369547,,,-22.44657562642572,,,,,,
-0.0791694041326489,,,,-16.92411827433158,,,,,,
-0.06670439655094189,,,-11.40150315792512,,,,,,
-0.05352338830478758,,,-5.878800360885519,,,,,,
-0.03976644813122827,,,-0.3559404587330977,,,,,
-0.02558055213586209,,,5.16697558547409,,,,,,,,
-0.01111743154760219,,,10.68991583017089,,,,,,,
0.003467970274982266,,,16.21286642429582,,,,,,,
0.01801896255249509,,,,21.73573836805248,,,,,,,
0.03237943812638514,,,,27.25859045825455,,,,,,,
0.04639478947136817,,,,32.78131017319546,,,,,,,
0.05991436436744994,,,,38.30388690457414,,,,,,,
0.07279284340697756,,,,43.82629039923128,,,,,,,
0.08489180310271445,,,,49.34843359730312,,,,,,,
0.09608169748042436,,,,54.87037317984175,,,,,,,
0.1062426264785087,,,,,60.39200164078912,,,,,,,
0.1152661987530401,,,,,65.91330831936187,,,,,,,
0.1230563836900284,,,,,71.43421646202454,,,,,,,
0.1295307776060847,,,,,76.95475828086191,,,,,,,
0.1346212078050844,,,,,82.474947326511,,,,,,,,,
0.1382743837140464,,,,,87.99471062258735,,,,,,,
0.140452558581076,,,,,,93.51408644452439,,,,,,,
0.1411337050253638,,,,,99.03310762285631,,,,,,,
0.1403117001792061,,,,,104.5517145865082,,,,,,,
0.1379963076778556,,,,,110.0699952284827,,,,,,,
0.1342130326188767,,,,,115.5879144881773,,,,,,,
0.1290027359654261,,,,,121.1055260115089,,,,,,,
0.1224212906968487,,,,,126.6227935413278,,,,,,,
0.1145388159761046,,,,,132.139765176887,,,,,,,,
0.1054391483248178,,,,,137.656398857478,,,,,,,,
0.09521875872564385,,,,143.1727223996422,,,,,,,
0.08398594271402764,,,,148.6887172568492,,,,,,,
0.07185937275259992,,,,154.2044884802116,,,,,,,
0.05896717765016322,,,,159.7201096384583,,,,,,,
0.04544571039792765,,,,165.235608723549,,,,,,,,
0.03143812799868925,,,,170.7509902276805,,,,,,,
0.01709257169474529,,,,176.2663696659601,,,,,,,
0.002561166253143268,,,-178.2182376624493,,,,,,
-0.01200185803903241,,,-172.702801957468,,,,,,,
-0.02644184631106826,,,-167.1872616707326,,,,,,
-0.04060512801094181,,,-161.6716170613326,,,,,,
-0.05434106779988131,,,-156.1557773920751,,,,,,
-0.06750347578421743,,,-150.6396400689103,,,,,,
-0.07995185788166578,,,-145.123239650966,,,,,,,
-0.0915534329796809,,,,-139.6065583916609,,,,,,
-0.1021844467164293,,,,-134.0895853187486,,,,,,
-0.111731539307356,,,,,-128.5723129837528,,,,,,
-0.1200929068929519,,,,-123.0547929157426,,,,,,
-0.1271797131686206,,,,-117.5369263167194,,,,,,
-0.1329166196251353,,,,-112.0187212268104,,,,,,
-0.1372427990973141,,,,-106.5001387825665,,,,,,
-0.1401124537485354,,,,-100.9811890001187,,,,,,
-0.1414953306281042,,,,-95.46186949709596,,,,,,
-0.1413769628064386,,,,-89.94208198168465,,,,,,
-0.1397587427226757,,,,-84.42187565511898,,,,,,
-0.1366579580950702,,,,-78.90130895991003,,,,,,
-0.1321074588038766,,,,-73.38033022554389,,,,,,
-0.1261553760633815,,,,-67.85898192953238,,,,,,
-0.1188644915572169,,,,-62.33724959925351,,,,,,
-0.1103117047643719,,,,-56.81518505597106,,,,,,
-0.1005872070295774,,,,-51.29285388995745,,,,,,
-0.08979352918851224,,,-45.77031785016892,,,,,,
-0.07804461984313964,,,-40.24769316997918,,,,,,
-0.06546427230057689,,,-34.72495589779334,,,,,,
-0.05218527275043119,,,-29.20214350189689,,,,,,
-0.03834788677530443,,,-23.67927008110327,,,,,,
-0.02409863408692979,,,-18.15640472719979,,,,,,
-0.009588364784167318,,-12.63350374904705,,,,,,
0.005028774627946847,,,-7.110613547992727,,,,,,
0.01959711110197178,,,,-1.587804967779255,,,,,,
0.03396138047878301,,,,3.934935381147668,,,,,,,
0.04796798076762769,,,,9.457548426890494,,,,,,,
0.06146687641964663,,,,14.97999012612676,,,,,,,
0.07431326938876734,,,,20.50224085394009,,,,,,,
0.08636907178752985,,,,26.02424566638022,,,,,,,
0.09750468669929092,,,,31.54601732224826,,,,,,,
0.1076001976149509,,,,,37.0675093647765,,,,,,,,
0.1165468952442769,,,,,42.58868575266109,,,,,,,
0.1242485248900873,,,,,48.10953378388393,,,,,,,
0.130622253240202,,,,,,53.62996686493988,,,,,,,
0.1355998179281209,,,,,59.14998385755923,,,,,,,
0.1391281456970486,,,,,64.66960783545916,,,,,,,
0.1411698578487959,,,,,70.18875189743473,,,,,,,
0.1417037870548659,,,,,75.70753863038085,,,,,,,
0.140724988749536,,,,,,81.22594707361907,,,,,,,
0.1382448688312416,,,,,86.74392217105458,,,,,,,
0.1342908792231759,,,,,92.26156118222072,,,,,,,
0.128906208417177,,,,,,97.77887798527223,,,,,,,
0.122149229628017,,,,,,103.2958943463821,,,,,,,
0.1140927209044112,,,,,108.8126878445183,,,,,,,
0.1048234180395128,,,,,114.3291392059056,,,,,,,
0.09444024754211243,,,,119.8454366538068,,,,,,,
0.08305415670149938,,,,125.3615129639168,,,,,,,
0.07078658063465529,,,,130.8772926997908,,,,,,,
0.05776777328735538,,,,136.3928457219855,,,,,,,
0.0441356220249201,,,,,141.9082792455566,,,,,,,
0.030034590357293,,,,,,147.4235942270553,,,,,,,
0.01561382314165804,,,,152.9388592895962,,,,,,,
0.001025964544017091,,,158.4540761529893,,,,,,,
-0.01357490973356877,,,163.9693751200594,,,,,,,
-0.02803432750740007,,,169.4848118552074,,,,,,,
-0.04219923322676155,,,175.0004560876956,,,,,,,
-0.05591951341035879,,,-179.4836288815728,,,,,,
-0.06904919769996548,,,-173.9675437165141,,,,,,
-0.08144881523154875,,,-168.4512289086133,,,,,,
-0.09298651779398563,,,-162.9345978046275,,,,,,
-0.10353929935083,,,,,,-157.4176329979787,,,,,,
-0.1129946483748342,,,,-151.9002324148646,,,,,,
-0.1212513453766239,,,,-146.3824642361697,,,,,,
-0.1282210426664224,,,,-140.8643375344921,,,,,,
-0.1338290936759244,,,,-135.3459121705389,,,,,,
-0.1380155730043013,,,,-129.8271173908501,,,,,,
-0.1407357074497882,,,,-124.3079477546217,,,,,,
-0.1419604599890073,,,,-118.7884286766515,,,,,,
-0.1416768606125292,,,,-113.2684866157449,,,,,,
-0.1398880835403178,,,,-107.7481367275952,,,,,,
-0.1366134680232798,,,,-102.2274302036588,,,,,,
-0.1318882244919197,,,,-96.70635896375761,,,,,,
-0.125762964808392,,,,,-91.18488285999089,,,,,,
-0.1183032419741376,,,,-85.6630464739617,,,,,,,
-0.1095888067942321,,,,-80.14092581419207,,,,,,
-0.09971250808552946,,,-74.61850784549185,,,,,,
-0.08877938739176393,,,-69.09579561436695,,,,,,
-0.07690566737396,,,,,,-63.57286015686496,,,,,,
-0.06421723447096973,,,-58.04970470230519,,,,,,
-0.05084894095677079,,,-52.52654094814032,,,,,,
-0.03694217937920713,,,-47.00335293886515,,,,,,
-0.02264414569141314,,,-41.48021800157883,,,,,,
-0.008105973403057971,,-35.95716131093938,,,,,,
0.006518812412500689,,,-30.43415874501595,,,,,,
0.02107535968011537,,,,-24.91132352964804,,,,,,
0.03540986949370894,,,,-19.38859993551614,,,,,,
0.04937049609193304,,,,-13.8660153249009,,,,,,,
0.0628090511500585,,,,,-8.343629007392213,,,,,,
0.07558281594507067,,,,-2.821419416161713,,,,,,
0.08755563441928561,,,,2.700546745596284,,,,,,,
0.09859961957341612,,,,8.22221223562736,,,,,,,,
0.1085966734988373,,,,,13.74360769850365,,,,,,,
0.1174394478446349,,,,,19.26468104014627,,,,,,,
0.1250328087859174,,,,,24.78543399290645,,,,,,,
0.1312947976166048,,,,,30.30585570095591,,,,,,,
0.1361575896345817,,,,,35.82590806428001,,,,,,,
0.1395683347704307,,,,,41.34552175954724,,,,,,,
0.141489865705215,,,,,,46.86470039019017,,,,,,,
0.1419010710413109,,,,,52.38340094941528,,,,,,,
0.1407971876776044,,,,,57.90167375426839,,,,,,,
0.13818981952538,,,,,,,63.41955705350831,,,,,,,
0.1341068809661458,,,,,68.93703154099053,,,,,,,
0.128592212242992,,,,,,74.45415497455372,,,,,,,
0.121705146943002,,,,,,79.97094253192849,,,,,,,
0.1135197296529844,,,,,85.48746371482936,,,,,,,
0.1041240433083185,,,,,91.0037109352392,,,,,,,,
0.09361906506182238,,,,96.51970861673796,,,,,,,
0.08211750323060743,,,,102.0355042876018,,,,,,,
0.06974250932834694,,,,107.5511683034709,,,,,,,
0.05662639404749181,,,,113.0667530294237,,,,,,,
0.04290931981691063,,,,118.5822410385881,,,,,,,
0.028737610750281,,,,,,124.0976211092529,,,,,,,
0.01426196559435234,,,,129.6129652650914,,,,,,,
-0.0003635861827244314,135.1282186969878,,,,,,,
-0.01498425576795307,,,140.6435375293798,,,,,,,
-0.02944482137165792,,,146.158856534572,,,,,,,,
-0.04359264390840321,,,151.6743789894055,,,,,,,
-0.05727782254239156,,,157.1900673388653,,,,,,,
-0.07035572387282102,,,162.70602606178,,,,,,,,,
-0.08268788358738552,,,168.2222745225678,,,,,,,
-0.09414362895258586,,,173.7388213292144,,,,,,,
-0.1046016034897103,,,,179.2557550431391,,,,,,,
-0.1139506756190752,,,,-175.2269307472999,,,,,,
-0.122091462722502,,,,,-169.7091506559154,,,,,,
-0.1289369753064933,,,,-164.1910110545249,,,,,,
-0.1344142387851172,,,,-158.6723041722331,,,,,,
-0.1384642819453802,,,,-153.1532208348663,,,,,,
-0.1410435510627852,,,,-147.6336946994527,,,,,,
-0.1421240592142871,,,,-142.1138762500033,,,,,,
-0.1416939375860622,,,,-136.5936952167982,,,,,,
-0.1397574419245469,,,,-131.0731372470869,,,,,,
-0.1363350076379905,,,,-125.5522285686636,,,,,,
-0.1314630693747923,,,,-120.0309972770003,,,,,,
-0.1251935791975479,,,,-114.5093929169693,,,,,,
-0.1175936355863667,,,,-108.9874795243614,,,,,,
-0.108744463817279,,,,,-103.4651943933711,,,,,,
-0.09874093177732168,,,-97.94264064197638,,,,,,
-0.08769003117446965,,,-92.41978979709776,,,,,,
-0.07571019895417862,,,-86.89676787242648,,,,,,
-0.06292937275326635,,,-81.37354503547998,,,,,,
-0.04948387593103835,,,-75.85010291104969,,,,,,
-0.03551725730034144,,,-70.32656055159958,,,,,,
-0.02117831096379825,,,-64.80299604409834,,,,,,
-0.006619483001843376,,-59.27946107624744,,,,,,
0.008004381235461586,,,-53.75612568611958,,,,,,
0.02253857021862146,,,,-48.23293972793844,,,,,,
0.03682923332074602,,,,-42.70996845935064,,,,,,
0.05072535534644253,,,,-37.18724400866766,,,,,,
0.06408031217448736,,,,-31.66475436047309,,,,,,
0.07675317353283954,,,,-26.14251227277966,,,,,,
0.08861015359094786,,,,-20.62054650003287,,,,,,
0.09952601132938338,,,,-15.09888145977204,,,,,,
0.1093852325910774,,,,,-9.577587500032051,,,,,,
0.1180835461808702,,,,,-4.056586701057666,,,,,,
0.1255284940824891,,,,,1.464064984703705,,,,,,,
0.1316407613894353,,,,,6.984382754491704,,,,,,,
0.1363548700905104,,,,,12.50434261890921,,,,,,,
0.1396199791198584,,,,,18.02391716667238,,,,,,,
0.1414004946467651,,,,,23.54311547182553,,,,,,,
0.1416764758074662,,,,,29.06191957647262,,,,,,,
0.1404439551238682,,,,,34.58030717883562,,,,,,,
0.1377150883866729,,,,,40.09822120186188,,,,,,,
0.1335180558019694,,,,,45.61567526008918,,,,,,,
0.1278968068052455,,,,,51.13269331414934,,,,,,,
0.1209106321521844,,,,,56.64931217517532,,,,,,,
0.1126334581400284,,,,,62.16564297487928,,,,,,,
0.1031535167850488,,,,,67.68158822035409,,,,,,,
0.0925715958542471,,,,,73.19735133118503,,,,,,,
0.08100080436389867,,,,78.71291227308031,,,,,,,
0.0685649025489898,,,,,84.2282972925133,,,,,,,,
0.05539699608566419,,,,89.74353558089567,,,,,,,
0.04163778292928114,,,,95.25876501203541,,,,,,,
0.02743447547504267,,,,100.7740289439206,,,,,,,
0.01293912913071978,,,,106.2893075479614,,,,,,,
-0.001693413969248401,,111.8046623181207,,,,,,,
-0.01630664306975367,,,117.3200127637474,,,,,,,
-0.03074483575298105,,,122.8354196973361,,,,,,,
-0.04485432833340366,,,128.3509324014114,,,,,,,
-0.05848520268365518,,,133.8666111637687,,,,,,,
-0.07149287764039498,,,139.3825388874157,,,,,,,
-0.08373940032760412,,,144.8987333002181,,,,,,,
-0.09509503235247206,,,150.4152094884091,,,,,,,
-0.1054396418577104,,,,155.9320156887405,,,,,,,
-0.1146639877708943,,,,161.4492963095749,,,,,,,
-0.1226701857194815,,,,166.966898075134,,,,,,,,
-0.1293737728541733,,,,172.4850414163631,,,,,,,
-0.1347035258031891,,,,178.0036151130599,,,,,,,
-0.1386028954926609,,,,-176.4773232311959,,,,,,
-0.1410303083432578,,,,-170.9577957962763,,,,,,
-0.1419597280339109,,,,-165.4377711093537,,,,,,
-0.1413809109956408,,,,-159.9172725844824,,,,,,
-0.139299633865363,,,,,-154.3963896735395,,,,,,
-0.1357376457939454,,,,-148.8751216932499,,,,,,
-0.1307325241577512,,,,-143.3535292787205,,,,,,
-0.1243372738659648,,,,-137.8316339434606,,,,,,
-0.1166197605786063,,,,-132.3094201101439,,,,,,
-0.1076620765748378,,,,-126.7868898932464,,,,,,
-0.09755992175742269,,,-121.264172303786,,,,,,,
-0.08642102241531958,,,-115.7411969963065,,,,,,
-0.07436458386745143,,,-110.2180444929883,,,,,,
-0.0615194279547874,,,,-104.6946593376981,,,,,,
-0.04802316802920656,,,-99.17112208963987,,,,,,
-0.03402021091987084,,,-93.64743464790308,,,,,,
-0.01966053304248996,,,-88.12367759957489,,,,,,
-0.00509780083632393,,,-82.59992182228301,,,,,,
0.00951246966701394,,,,-77.07618003193059,,,,,,
0.02401441296997173,,,,-71.55248840219342,,,,,,
0.03825327737174686,,,,-66.02900067861688,,,,,,
0.05207754471410778,,,,-60.50582600169924,,,,,,
0.06534063048949629,,,,-54.98299536543091,,,,,,
0.07790239754659758,,,,-49.46045883041234,,,,,,
0.089630152498791,,,,,,-43.93827774765479,,,,,,
0.1004004763610726,,,,,-38.41641381465343,,,,,,
0.1101000010649096,,,,,-32.89495461373616,,,,,,
0.1186269834326957,,,,,-27.37388919726849,,,,,,
0.1258920951620744,,,,,-21.85319551421026,,,,,,
0.1318192473663659,,,,,-16.33286999835254,,,,,,
0.1363463499242272,,,,,-10.81292651866329,,,,,,
0.1394259407656138,,,,,-5.29339060924799,,,,,,,
0.1410256859402042,,,,,0.2258007294599447,,,,,,
0.1411286231289469,,,,,5.744511540856738,,,,,,,
0.1397334503157447,,,,,11.2628440960777,,,,,,,,
0.1368544904890784,,,,,16.78077051563597,,,,,,,
0.1325215474395217,,,,,22.29836960272187,,,,,,,
0.1267798023910494,,,,,27.81558385274296,,,,,,,
0.1196893162908817,,,,,33.33240949722681,,,,,,,
0.1113245919278031,,,,,38.84878254294058,,,,,,,
0.1017734773309173,,,,,44.36482293265774,,,,,,,
0.09113673502332696,,,,49.88052903994345,,,,,,,
0.07952668215883321,,,,55.39599365276167,,,,,,,
0.06706631515518191,,,,60.91125496283674,,,,,,,
0.05388789794543817,,,,66.4263694417664,,,,,,,,
0.04013166540876246,,,,71.94136818131443,,,,,,,
0.02594405523957462,,,,77.45636311387938,,,,,,,
0.01147659429939824,,,,82.97135911443571,,,,,,,
-0.003116198830651421,,88.48642854621032,,,,,,,
-0.01767844393012347,,,94.00168123276016,,,,,,,
-0.03205400856466053,,,99.51703165502097,,,,,,,
-0.0460894535160486,,,,105.0326638444885,,,,,,,
-0.05963429248640209,,,110.5484746576052,,,,,,,
-0.07254375912146867,,,116.0644997772151,,,,,,,
-0.08467997778923957,,,121.5807531754926,,,,,,,
-0.09591361407857185,,,127.0972993943839,,,,,,,
-0.106124975463998,,,,,132.6141182552945,,,,,,,
-0.1152055863577265,,,,138.1312547220136,,,,,,,
-0.1230592477647966,,,,143.6488190667734,,,,,,,
-0.1296027613854237,,,,149.1668217223694,,,,,,,
-0.1347669794037734,,,,154.685296495092,,,,,,,,
-0.1384974209003317,,,,160.2042370127683,,,,,,,
-0.1407548755674168,,,,165.7236912150576,,,,,,,
-0.1415156985159845,,,,171.2436307100499,,,,,,,
-0.1407720941469878,,,,176.7640674312058,,,,,,,
-0.1385321593255555,,,,-177.7150224660577,,,,,,
-0.1348197723939275,,,,-172.1936222009275,,,,,,
-0.1296743998433355,,,,-166.6717777099764,,,,,,
-0.1231506790638588,,,,-161.1495236318551,,,,,,
-0.1153179368592471,,,,-155.6269381076738,,,,,,
-0.1062593944088125,,,,-150.1040603970558,,,,,,
-0.09607143925221517,,,-144.5809727305523,,,,,,
-0.08486250072162348,,,-139.0577150361735,,,,,,
-0.07275182789266468,,,-133.5342561875441,,,,,,
-0.05986857318778036,,,-128.0106489477125,,,,,,
-0.04635019816249961,,,-122.4869111480512,,,,,,
-0.03234119687142818,,,-116.9631044138267,,,,,,
-0.01799120585646669,,,-111.439199346378,,,,,,,
-0.003453927018197162,,-105.9152897295597,,,,,,
0.01111515569155646,,,,-100.3913586618329,,,,,,
0.02555991243896052,,,,-94.86750029177581,,,,,,
0.03972583681351301,,,,-89.34371367366508,,,,,,
0.05346108993855783,,,,-83.8201665066137,,,,,,,
0.06661922393401001,,,,-78.29678352448634,,,,,,
0.07905967585090345,,,,-72.77369880768327,,,,,,
0.09064997586230918,,,,-67.2509951765629,,,,,,,
0.1012671204627691,,,,,-61.72872368656135,,,,,,
0.1107988712674768,,,,,-56.20689820350567,,,,,,
0.1191448415419749,,,,,-50.68553234560471,,,,,,
0.1262175450123708,,,,,-45.16461942766878,,,,,,
0.1319432707578764,,,,,-39.64409980285807,,,,,,
0.1362625970208484,,,,,-34.12405302523899,,,,,,
0.1391311994581972,,,,,-28.60448772079996,,,,,,
0.1405201485817506,,,,,-23.08529955679623,,,,,,
0.1404160225500626,,,,,-17.5665515998523,,,,,,,
0.1388210884635624,,,,,-12.04821182733786,,,,,,
0.1357532072963409,,,,,-6.530323755502594,,,,,,
0.1312454914968958,,,,,-1.01278473346139,,,,,,,
0.1253460774845951,,,,,4.504376913318929,,,,,,,
0.1181174498381009,,,,,10.02123476626054,,,,,,,
0.1096359915355503,,,,,15.53777902602594,,,,,,,
0.09999109570438383,,,,21.05403524463246,,,,,,,
0.08928453576765391,,,,26.56992117812753,,,,,,,
0.07762898045069114,,,,32.08550823500557,,,,,,,
0.06514721936419644,,,,37.60082081468343,,,,,,,
0.05197071464828883,,,,43.11594564144956,,,,,,,
0.03823859004956046,,,,48.63089945462995,,,,,,,
0.02409591915833136,,,,54.14576001887891,,,,,,,
0.009692442956351396,,,59.6605819647593,,,,,,,,
-0.004819323951037498,,65.17552931881796,,,,,,,
-0.01928488657399214,,,70.69056851923109,,,,,,,
-0.03355001916691085,,,76.20569735544881,,,,,,,
-0.04746265119852161,,,81.72102951939674,,,,,,,
-0.06087408297126227,,,87.23662560985828,,,,,,,
-0.07364073668612314,,,92.75253443222954,,,,,,,
-0.08562571535225781,,,98.2687727296227,,,,,,,,
-0.0967004491016929,,,,103.7853727478917,,,,,,,
-0.1067460392978605,,,,109.3023336051531,,,,,,,
-0.1156545738465166,,,,114.81958931655,,,,,,,,,
-0.1233306602055358,,,,120.3372089264967,,,,,,,
-0.129692181123683,,,,,125.8552583327298,,,,,,,
-0.1346710925600013,,,,131.3736843077672,,,,,,,
-0.1382144590839505,,,,136.8926322314573,,,,,,,
-0.1402846467225081,,,,142.4120786265478,,,,,,,
-0.1408599088551258,,,,147.9319399851094,,,,,,,
-0.1399346014688886,,,,153.4522473438678,,,,,,,
-0.1375191076951422,,,,158.9730191340963,,,,,,,
-0.1336396237631634,,,,164.4943398487382,,,,,,,
-0.1283380129392498,,,,170.0161135748057,,,,,,,
-0.121671152225194,,,,,175.5383594163486,,,,,,,
-0.1137105209616655,,,,-178.939025073218,,,,,,,
-0.10454115826142,,,,,,-173.416038529962,,,,,,,
-0.09426082923404032,,,-167.8926727546998,,,,,,
-0.08297931059297022,,,-162.3690621603338,,,,,,
-0.07081670994313119,,,-156.8451973386319,,,,,,
-0.05790270107551533,,,-151.3211730722215,,,,,,
-0.04437506254722685,,,-145.797114913042,,,,,,,
-0.03037766191967864,,,-140.2729502940393,,,,,,
-0.01605983263960556,,,-134.7487692612797,,,,,,
-0.001574323113390804,,-129.224620605592,,,,,,,
0.01292449158365291,,,,-123.7004474243057,,,,,,
0.02728134261803798,,,,-118.1764330447376,,,,,,
0.04134294452727998,,,,-112.6525381338748,,,,,,
0.05495899735615416,,,,-107.128746983449,,,,,,,
0.06798360825773279,,,,-101.6051617274285,,,,,,
0.08027739935233183,,,,-96.08180262389314,,,,,,
0.09170876032940418,,,,-90.55872971877135,,,,,,
0.1021554780730477,,,,,-85.03597053404052,,,,,,
0.1115059719772271,,,,,-79.51358278472921,,,,,,
0.1196605757143585,,,,,-73.99164883337124,,,,,,
0.1265328136202976,,,,,-68.47014930518056,,,,,,
0.1320500444168659,,,,,-62.94916832414336,,,,,,
0.136154474715875,,,,,,-57.42871518115327,,,,,,
0.1388036470802586,,,,,-51.90876066157738,,,,,,
0.1399707892106833,,,,,-46.38935362925766,,,,,,
0.1396451005041221,,,,,-40.87039952718803,,,,,,
0.137831743532495,,,,,,-35.35197229816512,,,,,,
0.1345516622602023,,,,,-29.833945472159,,,,,,,,
0.1298413879288697,,,,,-24.31637791090157,,,,,,
0.1237523855909479,,,,,-18.79917333797887,,,,,,
0.1163506903798083,,,,,-13.28238861696241,,,,,,
0.107715758021618,,,,,,-7.765897343055303,,,,,,
0.09793991134584079,,,,-2.249673581002742,,,,,,
0.08712726232093229,,,,3.266297936739625,,,,,,,
0.0753924951177156,,,,,8.782077336919812,,,,,,,
0.06286004185501992,,,,14.29759800668656,,,,,,,
0.04966214674226443,,,,19.81296953995066,,,,,,,
0.03593829602306894,,,,25.3281345743907,,,,,,,,
0.02183313166579121,,,,30.84316064212627,,,,,,,
0.00749534442143679,,,,36.3580929530695,,,,,,,,
-0.006923839337707439,,41.8729667380752,,,,,,,,
-0.02127241471009322,,,47.38789896577994,,,,,,,
-0.03539867071794107,,,52.90291133709739,,,,,,,
-0.04915313200361833,,,58.41808215842597,,,,,,,
-0.06239000211431171,,,63.93351180730174,,,,,,,
-0.07496829807706523,,,69.44915340708275,,,,,,,
-0.08675410310757499,,,74.96512909801569,,,,,,,
-0.09762137149571525,,,80.48145422330272,,,,,,,
-0.1074537026047861,,,,85.99821518412995,,,,,,,
-0.1161452511090895,,,,91.51535152523624,,,,,,,
-0.1236024355605604,,,,97.03293854724498,,,,,,,
-0.1297446722251877,,,,102.5509967141562,,,,,,,
-0.1345054499108615,,,,108.0695950980688,,,,,,,
-0.1378329280293466,,,,113.5886022447389,,,,,,,
-0.1396908730590271,,,,119.1079840588355,,,,,,,
-0.1400589580820924,,,,124.6278430258819,,,,,,,
-0.1389329002038245,,,,130.1481732862725,,,,,,,
-0.1363246362654805,,,,135.6688918472748,,,,,,,
-0.1322621007745441,,,,141.190046940943,,,,,,,,
-0.1267888413096282,,,,146.7117134747748,,,,,,,
-0.1199636926413204,,,,152.2338367977262,,,,,,,
-0.1118600730293961,,,,157.756346540894,,,,,,,,
-0.1025650487095496,,,,163.2792164558923,,,,,,,
-0.09217820997242698,,,168.8025093426845,,,,,,,
-0.08081107019425829,,,174.3261019948873,,,,,,,
-0.06858531552640254,,,179.8499814921051,,,,,,,
-0.05563179555626005,,,-174.6259225785591,,,,,,
-0.04208869071216864,,,-169.1015546790076,,,,,,
-0.02810082510343551,,,-163.5770598626196,,,,,,
-0.01381754427860074,,,-158.052529053299,,,,,,,
0.0006087881265452614,,-152.5280249272778,,,,,,
0.01502450754691135,,,,-147.0035815305161,,,,,,
0.02927591371922049,,,,-141.479243101934,,,,,,,
0.04321105142349008,,,,-135.9550857447888,,,,,,
0.05668143318386679,,,,-130.4311177787352,,,,,,
0.06954332766724826,,,,-124.9073955652898,,,,,,
0.08165961936851582,,,,-119.3838763315563,,,,,,
0.09290078789181785,,,,-113.8606274586132,,,,,,
0.1031466376146417,,,,,-108.3376881682172,,,,,,
0.1122876462641027,,,,,-102.8150329476372,,,,,,
0.1202259063537149,,,,,-97.29272303336977,,,,,,
0.1268763655286715,,,,,-91.7708623084375,,,,,,,
0.1321679831581427,,,,,-86.2494352052482,,,,,,,
0.1360443072527779,,,,,-80.72846249000622,,,,,,
0.1384641734210611,,,,,-75.20799015392745,,,,,,
0.1394022169609707,,,,,-69.68802645769374,,,,,,
0.1388491287772621,,,,,-64.16860471340932,,,,,,
0.1368117642283633,,,,,-58.64973120198149,,,,,,
0.1333130160497304,,,,,-53.13138558044491,,,,,,
0.1283915322374224,,,,,-47.61355431476272,,,,,,
0.1221011600041149,,,,,-42.09615265610794,,,,,,
0.1145104294908136,,,,,-36.57916506521816,,,,,,
0.1057017074863454,,,,,-31.06257395231783,,,,,,
0.09577021484415402,,,,-25.54634895323078,,,,,,
0.08482283312383791,,,,-20.03040526744541,,,,,,
0.07297705624480408,,,,-14.51469571330741,,,,,,
0.06035961703599106,,,,-8.999168421916941,,,,,,
0.04710512200348866,,,,-3.483776674995936,,,,,,
0.03335479427773476,,,,2.031446342876973,,,,,,,
0.01925439244640987,,,,7.546622716021019,,,,,,,
0.004953365505060126,,,13.06175388103807,,,,,,,
-0.009397004203637604,,18.57685030406235,,,,,,,
-0.02364534499839943,,,24.09200714290571,,,,,,,
-0.037641070222933,,,,,29.60714945875641,,,,,,,
-0.05123689019781711,,,35.12242289563689,,,,,,,
-0.06428932716802707,,,40.63781737146202,,,,,,,
-0.07666091814409073,,,46.15348354570101,,,,,,,
-0.08822083765013461,,,51.66941123263318,,,,,,,
-0.09884668066870846,,,57.18561211329558,,,,,,,
-0.1084257217542482,,,,62.70212683300302,,,,,,,
-0.1168561136076889,,,,68.2190574416361,,,,,,,,
-0.1240477271956897,,,,73.73641912116673,,,,,,,
-0.1299233306364148,,,,79.25424263644483,,,,,,,
-0.1344194285120492,,,,84.77255558967632,,,,,,,
-0.1374870208038728,,,,90.29141595597487,,,,,,,
-0.1390921394682725,,,,95.81077671598484,,,,,,,
-0.1392164202727088,,,,101.3305985751072,,,,,,,
-0.1378573484299588,,,,106.8509096341822,,,,,,,
-0.1367247575999765,,,,109.4150920455089,,,,,,,
