sat_8.Earth.Latitude,,,sat_8.Earth.Longitude,,,
-0.07880200140353853,,,134.9738751122375,,,,,,,
3.421289522961377,,,,,,135.3302252267742,,,,,,,
8.733497574504726,,,,,,135.8811803908694,,,,,,,
14.51200033115171,,,,,,136.5119513017831,,,,,,,
20.33587471382,,,,,,,,,137.2050628264302,,,,,,,
26.15503277469506,,,,,,137.9856247029833,,,,,,,
31.96006091212519,,,,,,138.8916338954116,,,,,,,
37.74541212399929,,,,,,139.9757191245856,,,,,,,
43.50407338267223,,,,,,141.313711588356,,,,,,,,
49.22580530763374,,,,,,143.0207559039833,,,,,,,
54.89405388395161,,,,,,145.2818588632237,,,,,,,
60.47972175562214,,,,,,148.4138927319074,,,,,,,
65.9279187516148,,,,,,,153.0017967525044,,,,,,,
71.12319665292088,,,,,,160.2173151837712,,,,,,,
75.78995095121981,,,,,,172.5468917436974,,,,,,,
79.22262205302854,,,,,,-165.4315514195091,,,,,,
80.05194210833528,,,,,,-133.0053001899128,,,,,,
77.73790843784938,,,,,,-104.8969977174836,,,,,,
73.55672109054116,,,,,,-88.36624689520126,,,,,,
68.57287633855437,,,,,,-79.02337949494895,,,,,,
63.2286299744439,,,,,,,-73.32251804891484,,,,,,
57.70001112546332,,,,,,-69.5591398491173,,,,,,,
52.0652132687154,,,,,,,-66.91268047405622,,,,,,
46.36331044450294,,,,,,-64.95645057658439,,,,,,
40.61592872115799,,,,,,-63.45030486539082,,,,,,
34.83610773912717,,,,,,-62.24936143238591,,,,,,
29.03296221254431,,,,,,-61.26086436335127,,,,,,
23.21307298634164,,,,,,-60.42200695779996,,,,,,
17.38108181911291,,,,,,-59.68792182167264,,,,,,
11.5408664621679,,,,,,,-59.02483416040251,,,,,,
5.695609527499968,,,,,,-58.40572239060783,,,,,,
-0.1517018581683945,,,,-57.80747670872947,,,,,,
-5.998294265135653,,,,,-57.20875289475601,,,,,,
-11.84137460177709,,,,,-56.58817733656434,,,,,,
-17.67800759905419,,,,,-55.92253494116002,,,,,,
-23.50519449343686,,,,,-55.1845931865069,,,,,,,
-29.3193516597652,,,,,,-54.34021202623291,,,,,,
-35.11594603987206,,,,,-53.34396070681836,,,,,,
-40.88913136144406,,,,,-52.131955307902,,,,,,,,
-46.63034948332351,,,,,-50.60958584356698,,,,,,
-52.32631516560972,,,,,-48.62883405197091,,,,,,
-57.95459225320846,,,,,-45.94376470152322,,,,,,
-63.47470389013507,,,,,-42.11602137791473,,,,,,
-68.80574352142582,,,,,-36.29948609036704,,,,,,
-73.76471932850482,,,,,-26.73198426012661,,,,,,
-77.89053202971492,,,,,-9.767647167611912,,,,,,
-80.08616908116028,,,,,18.83103520664697,,,,,,,
-79.11476984551412,,,,,51.01743844938019,,,,,,,
-75.60322942766142,,,,,72.50975593945898,,,,,,,
-70.9033084196323,,,,,,84.53319486840753,,,,,,,
-65.69279834689506,,,,,91.59509134192437,,,,,,,
-60.23633726660984,,,,,96.10100718217014,,,,,,,
-54.64541888370475,,,,,99.1855664186035,,,,,,,,
-48.97286847811433,,,,,101.4173908867943,,,,,,,
-43.24667248894984,,,,,103.1055085827478,,,,,,,
-37.48306623745487,,,,,104.4307993652231,,,,,,,
-31.69244403931069,,,,,105.5061197274212,,,,,,,
-25.8822119292199,,,,,,106.4059851192449,,,,,,,
-20.05792241427598,,,,,107.1823072520502,,,,,,,
-14.22365168514038,,,,,107.8732585647943,,,,,,,
-8.382891937678535,,,,,108.5085023500284,,,,,,,
-3.756786285647562,,,,,108.9881884470355,,,,,,,
