sat_6.Earth.Latitude,,,sat_6.Earth.Longitude,,,
-0.1399621070958497,,,,79.58909753750692,,,,,,,
3.358911049409514,,,,,,79.95234666441242,,,,,,,
8.669271364386169,,,,,,80.51372624184471,,,,,,,
14.4457308993968,,,,,,,81.1559459321108,,,,,,,,
20.26746373283992,,,,,,81.86092878437908,,,,,,,
26.08434211950986,,,,,,82.65393117269278,,,,,,,
31.88688524977829,,,,,,83.57320972680888,,,,,,,
37.66945675807249,,,,,,84.67170995182144,,,,,,,
43.42492257504607,,,,,,86.02563861620493,,,,,,,
49.1428728598045,,,,,,,87.75056357274509,,,,,,,
54.80650485216008,,,,,,90.03187008012102,,,,,,,
60.38634946743208,,,,,,93.18637699291421,,,,,,,
65.82696973765934,,,,,,97.7970595527982,,,,,,,,
71.01226194509982,,,,,,105.0259998031969,,,,,,,
75.66694609717585,,,,,,117.319735623388,,,,,,,,
79.09348723498134,,,,,,139.1317365926504,,,,,,,
79.94862401611501,,,,,,171.1652368720903,,,,,,,
77.68471450182281,,,,,,-160.8259674410489,,,,,,
73.54088071606203,,,,,,-144.1886915402443,,,,,,
68.57974872344965,,,,,,-134.7403756218587,,,,,,
63.24996295174562,,,,,,-128.9634532227085,,,,,,
57.73133956442077,,,,,,-125.1458663129905,,,,,,
52.10397892965275,,,,,,-122.4593329355431,,,,,,
46.40795110155418,,,,,,-120.4722024778819,,,,,,
40.66543672064546,,,,,,-118.9412830055865,,,,,,
34.88980349602556,,,,,,-117.7197812129953,,,,,,
29.09037031305759,,,,,,-116.7136987971638,,,,,,
23.27385134289246,,,,,,-115.8593870892393,,,,,,
17.44497954507096,,,,,,-115.1113834171227,,,,,,
11.60769785711295,,,,,,-114.4354751918122,,,,,,
5.765238354213343,,,,,,-113.8043034903091,,,,,,
-0.07937159271936328,,,-113.1944857944228,,,,,,
-5.923322625205545,,,,,-112.5844445082057,,,,,,
-11.76378649882517,,,,,-111.9525939888204,,,,,,
-17.59779006787639,,,,,-111.2755139961455,,,,,,
-23.42229046388598,,,,,-110.5257607993194,,,,,,
-29.23364968694979,,,,,-109.6689662930986,,,,,,
-35.02726445048644,,,,,-108.659445259792,,,,,,,
-40.79719410257837,,,,,-107.4330285454406,,,,,,
-46.53474956515946,,,,,-105.8948066712874,,,,,,
-52.22645850003422,,,,,-103.8965270922796,,,,,,
-57.84961255677885,,,,,-101.1923728357246,,,,,,
-63.36334469575591,,,,,-97.3454465892673,,,,,,,
-68.68627126704578,,,,,-91.51597554304807,,,,,,
-73.63538142316924,,,,,-81.96627874941794,,,,,,
-77.75359865703867,,,,,-65.13548996008819,,,,,,
-79.96407133745976,,,,,-36.91112777178694,,,,,,
-79.04520364596543,,,,,-4.983030917507435,,,,,,
-75.58288219918303,,,,,16.59371849995694,,,,,,,
-70.91281248964175,,,,,28.74977759981575,,,,,,,
-65.72013025930066,,,,,35.90919944917938,,,,,,,
-60.27514968722671,,,,,40.48266626290301,,,,,,,
-54.69220137436913,,,,,43.6155747941431,,,,,,,,
-49.02553718608801,,,,,45.88362564868953,,,,,,,
-43.30391088018904,,,,,47.60008427499177,,,,,,,
-37.54400071702199,,,,,48.94840632139661,,,,,,,
-31.75647335062806,,,,,50.04307380821224,,,,,,,
-25.94891191517802,,,,,50.95967163428664,,,,,,,
-20.1269903019648,,,,,,51.75084577103829,,,,,,,
-14.29487235350565,,,,,52.45529515147634,,,,,,,
-8.456116893159198,,,,,53.10307653673495,,,,,,,
-3.831528316684966,,,,,53.59221190064986,,,,,,,
