sat_9.Earth.Latitude,,,sat_9.Earth.Longitude,,,
-0.01601959283323726,,,162.6661157122314,,,,,,,
3.484312388227559,,,,,,163.0210912209737,,,,,,,
8.796862037146818,,,,,,163.570087935523,,,,,,,,
14.57571062646625,,,,,,164.1988818712661,,,,,,,
20.39991406346789,,,,,,164.8901503821864,,,,,,,
26.21938946096801,,,,,,165.6690275799053,,,,,,,
32.02473089893713,,,,,,166.5735482774222,,,,,,,
37.81039866721481,,,,,,167.6564248757974,,,,,,,
43.5693847296965,,,,,,,168.993658824865,,,,,,,,
49.29144829693904,,,,,,170.7007360209106,,,,,,,
54.96001689693384,,,,,,172.9633676380382,,,,,,,
60.54592797888618,,,,,,176.0999634609706,,,,,,,
65.99408894442467,,,,,,-179.3009172893542,,,,,,
71.18840535157658,,,,,,-172.0582862310757,,,,,,
75.85106371219479,,,,,,-159.6616651273569,,,,,,
79.26946096402567,,,,,,-137.4945467521527,,,,,,
80.0660262834031,,,,,,,-104.9454801199222,,,,,,
77.7195840011606,,,,,,,-76.91365772243589,,,,,,
73.52080125254975,,,,,,-60.48700940926167,,,,,,
68.52813616184156,,,,,,-51.20795518688034,,,,,,
63.17898212529639,,,,,,-45.54436720279255,,,,,,
57.64730400956483,,,,,,-41.80417297510392,,,,,,
52.01041212246749,,,,,,-39.17318608675932,,,,,,
46.30696561033827,,,,,,-37.22792982178112,,,,,,
40.55837718777831,,,,,,-35.72996838162591,,,,,,
34.77756838910741,,,,,,-34.53538795536059,,,,,,
28.97358472533533,,,,,,-33.55201230260805,,,,,,
23.15296447501767,,,,,,-32.71739961786621,,,,,,
17.32032201979622,,,,,,-31.9869220826411,,,,,,,
11.4795167047775,,,,,,,-31.32696728610298,,,,,,
5.63371799029312,,,,,,,-30.71062666760289,,,,,,
-0.2140971360415968,,,,-30.114870070456,,,,,,,,
-6.061163619807605,,,,,-29.51840905009564,,,,,,
-11.90469612918299,,,,,-28.89990691593471,,,,,,
-17.74176670294463,,,,,-28.2361683758284,,,,,,,
-23.56938379223403,,,,,-27.49996201830042,,,,,,
-29.38397074602955,,,,,-26.65712389718651,,,,,,
-35.18100075965857,,,,,-25.66216037421544,,,,,,
-40.95463189257294,,,,,-24.45105661519663,,,,,,
-46.6963054612326,,,,,,-22.92894234264967,,,,,,
-52.39272350277293,,,,,-20.94727445859289,,,,,,
-58.02140547520086,,,,,-18.25900968978814,,,,,,
-63.54174216226549,,,,,-14.42328687423826,,,,,,
-68.87242622573324,,,,,-8.58784098029898,,,,,,,
-73.82915769860003,,,,,1.025569343226343,,,,,,,
-77.94640025468104,,,,,18.09949834204477,,,,,,,
-80.11683801188801,,,,,46.86680027701036,,,,,,,
-79.10832068958645,,,,,79.05858707011117,,,,,,,
-75.57224512736786,,,,,100.4354511042719,,,,,,,
-70.86012659124654,,,,,112.3755829162379,,,,,,,
-65.64317775566113,,,,,119.3893150450182,,,,,,,
-60.18289442625102,,,,,123.8663038678282,,,,,,,
-54.58946551956022,,,,,126.932198653455,,,,,,,,
-48.91513091899541,,,,,129.1511594159505,,,,,,,
-43.18758777075328,,,,,130.8299092502727,,,,,,,
-37.42291597976454,,,,,132.1480604831574,,,,,,,
-31.63142060205849,,,,,133.2177294827707,,,,,,,
-25.82045357599804,,,,,134.1129761784932,,,,,,,
-19.99553304153302,,,,,134.8854188515024,,,,,,,
-14.16071230089993,,,,,135.5730334844154,,,,,,,
-8.319467506494314,,,,,136.2053480349646,,,,,,,
-3.693015924635858,,,,,136.6829404115774,,,,,,,
