sat_10.Earth.Latitude,,,sat_10.Earth.Longitude,,,
0.05043269207379984,,,,,-169.6416602819451,,,,,,,
3.550667723632716,,,,,,,-169.286129679425,,,,,,,,
8.863040480680507,,,,,,,-168.7361171975534,,,,,,,
14.64165188987473,,,,,,,-168.1059480943826,,,,,,,
20.46556251338076,,,,,,,-167.4129455397335,,,,,,,
26.28468154945622,,,,,,,-166.6318853537716,,,,,,,
32.08958881806002,,,,,,,-165.7245812679619,,,,,,,
37.87472157256445,,,,,,,-164.6380817536314,,,,,,,
43.63303366514163,,,,,,,-163.2959988742597,,,,,,,
49.35421852912048,,,,,,,-161.5821946843379,,,,,,,
55.02158389694189,,,,,,,-159.3097967847963,,,,,,,
60.60573330513927,,,,,,,-156.1581895971411,,,,,,,
66.05107462311761,,,,,,,-151.5343120191528,,,,,,,
71.24032697216533,,,,,,,-144.2474484515163,,,,,,,
75.89259174019656,,,,,,,-131.7675851596703,,,,,,,
79.28814246603081,,,,,,,-109.4707919345639,,,,,,,
80.04751844221343,,,,,,,-76.89562883684204,,,,,,,
77.67354804617842,,,,,,,-49.0093885158289,,,,,,,,
73.46343490886549,,,,,,,-32.69060485374195,,,,,,,
68.46646989134457,,,,,,,-23.46317171418152,,,,,,,
63.11554247284281,,,,,,,-17.82453368790594,,,,,,,
57.58308530305055,,,,,,,-14.09736420097723,,,,,,,
51.94585495804816,,,,,,,-11.47365485673627,,,,,,,
46.24228660349731,,,,,,,-9.532658199030649,,,,,,,
40.49369324267927,,,,,,,-8.037245004196143,,,,,,,
34.71294887107387,,,,,,,-6.844174183739843,,,,,,,
28.90907537313748,,,,,,,-5.861636618755306,,,,,,,
23.08859910766372,,,,,,,-5.027399530739762,,,,,,,
17.25612853720041,,,,,,,-4.296956536423639,,,,,,,
11.41552022520355,,,,,,,-3.636764663243461,,,,,,,
5.569942546062962,,,,,,,-3.019951399148046,,,,,,,
-0.2776275936463984,,,,,-2.423498803655533,,,,,,,
-6.124424404368085,,,,,,-1.826111020112634,,,,,,,
-11.96766082816295,,,,,,-1.206424790430404,,,,,,,
-17.80440564869832,,,,,,-0.5411961483929053,,,,,,
-23.63166154401733,,,,,,0.1968842785270844,,,,,,,
-29.44584196790324,,,,,,1.042100988198138,,,,,,,,
-35.24240338841818,,,,,,2.04013479286309,,,,,,,,,
-41.01547551863457,,,,,,3.255298458694582,,,,,,,,
-46.75645079771131,,,,,,4.782954550954711,,,,,,,,
-52.45194383015379,,,,,,6.772500848381179,,,,,,,,
-58.07930864718467,,,,,,9.472556234452535,,,,,,,,
-63.5975975534913,,,,,,,13.32709704281623,,,,,,,,
-68.92473833615477,,,,,,19.19498843222707,,,,,,,,
-73.87450825186039,,,,,,28.86867887033051,,,,,,,,
-77.97640751030687,,,,,,46.05170400284864,,,,,,,,
-80.11584251453452,,,,,,74.92135329240374,,,,,,,,
-79.07336262684514,,,,,,107.024327939869,,,,,,,,,
-75.52009696130747,,,,,,128.2675006894535,,,,,,,,
-70.80131632335028,,,,,,140.1370544975516,,,,,,,,
-65.58156880073756,,,,,,147.1174068384664,,,,,,,,
-60.11992998259559,,,,,,151.577563225862,,,,,,,,,
-54.52575204024946,,,,,,154.6343139788835,,,,,,,,
-48.85095459000507,,,,,,156.8480227809914,,,,,,,,
-43.12309961783281,,,,,,158.5236578219677,,,,,,,,
-37.35820624008122,,,,,,159.8399544718501,,,,,,,,
-31.56655172069745,,,,,,160.908561231952,,,,,,,,,
-25.75547599600462,,,,,,161.8032755787557,,,,,,,,
-19.9304931231218,,,,,,,162.5755637811166,,,,,,,,
-14.09565634758267,,,,,,163.2633133467511,,,,,,,,
-8.254443758554592,,,,,,163.8960031169024,,,,,,,,
-3.628053742793683,,,,,,164.3740473941594,,,,,,,,
