sat_3.Earth.Latitude,,,sat_3.Earth.Longitude,,,
-0.01772138001754354,,,-3.4878247151371,,,,,,,,
3.479632858363791,,,,,,-3.116060170062921,,,,,,
8.787620108418924,,,,,,-2.54131343534496,,,,,,,
14.56136409158882,,,,,,-1.883681678185659,,,,,,
20.3801589065391,,,,,,,-1.161851866385271,,,,,,
26.19382080766691,,,,,,-0.3501675169384245,,,,,
31.99276702226333,,,,,,0.5903156176619088,,,,,,
37.77121161969395,,,,,,1.713535567764634,,,,,,,
43.52179548876719,,,,,,3.097165470848845,,,,,,,
49.2337539681928,,,,,,,4.859032494355799,,,,,,,
54.88969480260261,,,,,,7.188158931287587,,,,,,,
60.45910821248466,,,,,,10.40746906199755,,,,,,,
65.8845851217249,,,,,,,15.11045159250839,,,,,,,
71.0460122812906,,,,,,,22.47619077896094,,,,,,,
75.65985111964632,,,,,,34.96407170888758,,,,,,,
79.01708375146669,,,,,,56.92422776792654,,,,,,,
79.79415820925409,,,,,,88.65729969754888,,,,,,,
77.50031664226998,,,,,,116.1744225341114,,,,,,,
73.35915813422456,,,,,,132.6092823347379,,,,,,,
68.40658215490046,,,,,,142.0116753039007,,,,,,,
63.08453406192532,,,,,,147.7908118107248,,,,,,,
57.57207694535769,,,,,,151.623898761568,,,,,,,,
51.94957438669704,,,,,,154.3288490370053,,,,,,,
46.25743379275628,,,,,,156.3342211181787,,,,,,,
40.51810419589597,,,,,,157.8823818138202,,,,,,,
34.74515199894633,,,,,,159.1200369046648,,,,,,,
28.94804334080996,,,,,,160.1413341172187,,,,,,,
23.13360462886562,,,,,,161.0101411244441,,,,,,,
17.30665758340027,,,,,,161.772154240278,,,,,,,,
11.47121809277296,,,,,,162.4618182069874,,,,,,,
5.630581104119884,,,,,,163.1067248076921,,,,,,,
-0.2121689856201447,,,,163.730498150918,,,,,,,,
-6.054167714806799,,,,,164.3549798363619,,,,,,,
-11.89252998850547,,,,,165.0020598368649,,,,,,,
-17.72421929451898,,,,,165.695528333296,,,,,,,,
-23.54611664673805,,,,,166.4633021829733,,,,,,,
-29.35448608722124,,,,,167.3403814766209,,,,,,,
-35.14459007672804,,,,,168.3733323873827,,,,,,,
-40.9102930502989,,,,,,169.6276057956268,,,,,,,
-46.64260762944806,,,,,171.2000556769706,,,,,,,
-52.32757907508011,,,,,173.2420204149161,,,,,,,
-57.94167060659507,,,,,176.0044422721144,,,,,,,
-63.44248989772463,,,,,179.9330842107443,,,,,,,
-68.74562346000417,,,,,-174.1168918551885,,,,,,
-73.66168399165673,,,,,-164.3859392002828,,,,,,
-77.72142201397696,,,,,-147.3296679136158,,,,,,
-79.84414290302216,,,,,-119.1283502573272,,,,,,
-78.86246207198958,,,,,-87.72089439453524,,,,,,
-75.38873290071541,,,,,-66.50713303614563,,,,,,
-70.72468261847619,,,,,-54.46466971966022,,,,,,
-65.53998464873175,,,,,-47.32641857015022,,,,,,
-60.1019931151508,,,,,,-42.74602224332209,,,,,,
-54.52483233663214,,,,,-39.59809864602906,,,,,,
-48.86299649806034,,,,,-37.31324162285625,,,,,,
-43.14549336074761,,,,,-35.58017665989242,,,,,,
-37.38920081529292,,,,,-34.21600087322027,,,,,,
-31.60493423234152,,,,,-33.10628292701936,,,,,,
-25.80038763094258,,,,,-32.17531255622526,,,,,,
-19.98131943985178,,,,,-31.37025883533665,,,,,,
-14.15196021347908,,,,,-30.65221809814868,,,,,,
-8.315923526908692,,,,,-29.99092083084277,,,,,,
-3.693490306060436,,,,,-29.49099305257487,,,,,,
