sat_4.Earth.Latitude,,,sat_4.Earth.Longitude,,,
-0.08021283309716337,,,24.20441716015583,,,,,,,
3.41740935527544,,,,,,,24.57468227977751,,,,,,,
8.725831103564241,,,,,,25.14696494861128,,,,,,,
14.50009428951173,,,,,,25.80159959816437,,,,,,,
20.31947436291886,,,,,,26.51997676517167,,,,,,,
26.13380116941507,,,,,,27.32763430987101,,,,,,,
31.933516268367,,,,,,,,28.26331576723436,,,,,,,
37.71287086508882,,,,,,29.38065506326536,,,,,,,
43.46456415997785,,,,,,30.7568529814173,,,,,,,,
49.17792749585337,,,,,,32.50897017206367,,,,,,,
54.83573560962166,,,,,,34.8247197436362,,,,,,,,
60.40778920733745,,,,,,38.02465813073552,,,,,,,
65.83730577217375,,,,,,42.6977384948913,,,,,,,,
71.00555784250902,,,,,,50.0141441087978,,,,,,,,
75.63226593959035,,,,,,62.41877214300971,,,,,,,
79.01471362247142,,,,,,84.27246671071201,,,,,,,
79.8277764302519,,,,,,,116.0278210622647,,,,,,,
77.55725829340048,,,,,,143.7072034133745,,,,,,,
73.42401022496529,,,,,,160.2439232962253,,,,,,,
68.47354551439389,,,,,,169.6891732029226,,,,,,,
63.15187635300044,,,,,,175.4859580443703,,,,,,,
57.63927761916845,,,,,,179.3263792609603,,,,,,,
52.01648422312022,,,,,,-177.9658761196334,,,,,,
46.32402361857913,,,,,,-175.9598763087472,,,,,,
40.58438242014615,,,,,,-174.4122002777733,,,,,,
34.811135233083,,,,,,,,-173.1756428444189,,,,,,
29.01374539519646,,,,,,-172.1558095736994,,,,,,
23.19903231383348,,,,,,-171.2887101248048,,,,,,
17.37180917161716,,,,,,-170.5285912485694,,,,,,
11.53608286106759,,,,,,-169.8409890637449,,,,,,
5.695139207459357,,,,,,-169.1983172647928,,,,,,
-0.1479466161150456,,,,-168.5769760085989,,,,,,
-5.990319918852924,,,,,-167.9551655894242,,,,,,
-11.8291061761477,,,,,,-167.311057705665,,,,,,,
-17.66128148403958,,,,,-166.6209493010548,,,,,,
-23.48374287441373,,,,,-165.8570465749117,,,,,,
-29.29277625310654,,,,,-164.9845258942798,,,,,,
-35.0836758078685,,,,,,-163.9570810172858,,,,,,
-40.85035455839659,,,,,-162.7096577105287,,,,,,
-46.58390324445374,,,,,-161.1460324172768,,,,,,
-52.270499545341,,,,,,,-159.1159186533385,,,,,,
-57.88684529952573,,,,,-156.3702287160932,,,,,,
-63.39101183134226,,,,,-152.4666706464974,,,,,,
-68.69957041128077,,,,,-146.5568957660822,,,,,,
-73.62541230755343,,,,,-136.8941827915694,,,,,,
-77.70445819895151,,,,,-119.9452743315796,,,,,,
-79.86137205225454,,,,,-91.81061611430255,,,,,,
-78.91255863583869,,,,,-60.27213457524346,,,,,,
-75.45302519733548,,,,,-38.91450161081712,,,,,,
-70.7931206583883,,,,,,-26.80501942255388,,,,,,
-65.60938917253713,,,,,-19.63911809281315,,,,,,
-60.17139260646197,,,,,-15.04708915616157,,,,,,
-54.59391943428484,,,,,-11.89435564059513,,,,,,
-48.93167699322005,,,,,-9.607842365477454,,,,,,
-43.2137435570483,,,,,,-7.874694934726773,,,,,,
-37.45701807766336,,,,,-6.511278973697612,,,,,,
-31.67231866348803,,,,,-5.402805675913781,,,,,,
-25.86733508874009,,,,,-4.473385230698144,,,,,,
-20.0478189473606,,,,,,-3.67009821492593,,,,,,,
-14.21799312208489,,,,,-2.9540029286147,,,,,,,,
-8.381463404285352,,,,,-2.294822524843703,,,,,,
-3.758616055624667,,,,,-1.796700743007156,,,,,,
