sat_12.Earth.Latitude,,,sat_12.Earth.Longitude,,,
0.1361001849492609,,,,,,-114.2570418337214,,,,,,,
3.635284843934177,,,,,,,-113.8955365686398,,,,,,,
8.946011004851293,,,,,,,-113.3361394658705,,,,,,,
14.72272849523887,,,,,,,-112.6951417654934,,,,,,,
20.54457777060301,,,,,,,-111.9902934870744,,,,,,,
26.36142638355604,,,,,,,-111.1960881926718,,,,,,,
32.16378068978739,,,,,,,-110.2738545933394,,,,,,,
37.94597140159196,,,,,,,-109.1699402987637,,,,,,,
43.70079316496928,,,,,,,-107.8069204096148,,,,,,,
49.4176892909069,,,,,,,,-106.0670564093243,,,,,,,
55.07955237382757,,,,,,,-103.7608934264751,,,,,,,
60.65625226583558,,,,,,,-100.5634677027355,,,,,,,
66.09080225198529,,,,,,,-95.87420121802603,,,,,,,
71.2630715267764,,,,,,,,-88.49017518519034,,,,,,,
75.88625624273632,,,,,,,-75.87240364098263,,,,,,,
79.23253501960566,,,,,,,-53.47540125350798,,,,,,,
79.93786422637656,,,,,,,-21.13122995061471,,,,,,,
77.54521827571445,,,,,,,6.408411882580897,,,,,,,,
73.3383942777113,,,,,,,,22.59354276628669,,,,,,,,
68.34820018186626,,,,,,,31.79363486278856,,,,,,,,
63.00327774585973,,,,,,,37.43623127940199,,,,,,,,
57.47568624160603,,,,,,,41.17552691332082,,,,,,,,
51.84241550559999,,,,,,,43.81285330125277,,,,,,,,
46.14215272779757,,,,,,,45.76705118278777,,,,,,,,
40.39640286818241,,,,,,,47.27479450000547,,,,,,,,
34.61817806743767,,,,,,,48.47932565131327,,,,,,,,
28.81659967735327,,,,,,,49.47259237997022,,,,,,,,
22.99826743268234,,,,,,,50.31699997204767,,,,,,,,
17.1678457676747,,,,,,,,51.05722913389486,,,,,,,,
11.32923548678524,,,,,,,51.7269907997004,,,,,,,,,
5.485641816188682,,,,,,,52.35332212700289,,,,,,,,
-0.3599256927463811,,,,,52.95940862588296,,,,,,,,
-6.204669923504387,,,,,,53.56672625944027,,,,,,,,
-12.04577104238508,,,,,,54.19684300222289,,,,,,,,
-17.88026039985373,,,,,,54.87324879691376,,,,,,,,
-23.70509430646559,,,,,,55.6235646518586,,,,,,,,,
-29.51662498296611,,,,,,56.48248807979322,,,,,,,,
-35.31022339298171,,,,,,57.49627168301237,,,,,,,,
-41.07989366331831,,,,,,58.73005478655681,,,,,,,,
-46.81683498868508,,,,,,60.28044543888373,,,,,,,,
-52.50734901333742,,,,,,62.29880253624861,,,,,,,,
-58.12825305649549,,,,,,65.03696945038817,,,,,,,,
-63.63761475173902,,,,,,68.94441685909821,,,,,,,,
-68.95141839549272,,,,,,74.8892739774969,,,,,,,,,
-73.8794032181662,,,,,,,84.6758732445049,,,,,,,,,
-77.94367363435715,,,,,,101.9889185150334,,,,,,,,
-80.02941146597497,,,,,,130.8012889275702,,,,,,,,
-78.95378994725097,,,,,,162.5469231299699,,,,,,,,
-75.39892938824266,,,,,,-176.4221277490638,,,,,,,
-70.68689834387135,,,,,,-164.60655796491,,,,,,,,,
-65.47375756259342,,,,,,-157.6285025291708,,,,,,,
-60.01743709491964,,,,,,-153.1570474207331,,,,,,,
-54.42746606150573,,,,,,-150.086194051143,,,,,,,,
-48.75605727838627,,,,,,-147.8585827692399,,,,,,,
-43.03100493155181,,,,,,-146.1699875410916,,,,,,,
-37.26849534565081,,,,,,-144.8417327748001,,,,,,,
-31.47892578942481,,,,,,-143.7620294740343,,,,,,,
-25.6697243171762,,,,,,,-142.8568923085962,,,,,,,
-19.84647191710893,,,,,,-142.0746661849645,,,,,,,
-14.01327476282916,,,,,,-141.3772842603843,,,,,,,
-8.173654607984469,,,,,,-140.735097040818,,,,,,,,
-3.548516913727831,,,,,,-140.249519153879,,,,,,,,
