sat_7.Earth.Latitude,,,sat_7.Earth.Longitude,,,
-0.1235318810324781,,,,107.2815666042134,,,,,,,
3.3760342029723,,,,,,,,107.6409036069421,,,,,,,
8.687453395047601,,,,,,108.196331786943,,,,,,,,
14.46509438182798,,,,,,108.831956501147,,,,,,,,
20.28807590360352,,,,,,109.5300309800153,,,,,,,
26.10629305637195,,,,,,110.3157098406972,,,,,,,
31.91030439381777,,,,,,111.2270710742957,,,,,,,
37.69452715097714,,,,,,112.3168288129643,,,,,,,
43.45190186213998,,,,,,113.6608901242917,,,,,,,
49.17212707960078,,,,,,115.374431758004,,,,,,,,
54.83856443729526,,,,,,117.6423466990876,,,,,,,
60.42200433472278,,,,,,120.7809387984436,,,,,,,
65.86742984985113,,,,,,125.3731399541118,,,,,,,
71.05938496847021,,,,,,132.5838743778102,,,,,,,
75.72317182853729,,,,,,144.8764356154354,,,,,,,
79.15868038357209,,,,,,166.7692326922399,,,,,,,
80.00920503993433,,,,,,-160.9930744120075,,,,,,
77.72525468727711,,,,,,-132.8938685425047,,,,,,
73.56413837318995,,,,,,-116.2863684639929,,,,,,
68.59183864667403,,,,,,-106.8818076629404,,,,,,
63.25471428951811,,,,,,-101.1396655221553,,,,,,
57.73092619871579,,,,,,-97.34811526685336,,,,,,
52.09968295363957,,,,,,-94.68144703994021,,,,,,
46.4005712080161,,,,,,,-92.70999043160495,,,,,,
40.65549555687213,,,,,,-91.19186665062753,,,,,,
34.87765707428542,,,,,,-89.98114472990129,,,,,,
29.07626901092137,,,,,,-88.98440513654415,,,,,,
23.25797525788629,,,,,,-88.13840171812532,,,,,,
17.427459746565,,,,,,,,-87.39796316865902,,,,,,
11.58862964220668,,,,,,-86.72909630404989,,,,,,
5.74468932122913,,,,,,,-86.10461580119276,,,,,,
-0.1013567997320687,,,,-85.50128394670929,,,,,,
-5.946720134602642,,,,,-84.89765184613374,,,,,,
-11.78859300952742,,,,,-84.27225617503505,,,,,,
-17.6240246379836,,,,,,-83.60180135262011,,,,,,
-23.44999847468543,,,,,-82.85897970250039,,,,,,
-29.26290944060455,,,,,-82.00958013556119,,,,,,
-35.05819755281689,,,,,-81.00810727222446,,,,,,
-40.82998168358212,,,,,-79.79062922405036,,,,,,
-46.56965771899543,,,,,-78.26253541333956,,,,,,
-52.26387936003124,,,,,-76.27593728531801,,,,,,
-57.89013196308188,,,,,-73.5853905031101,,,,,,,
-63.40785387356795,,,,,-69.75407044882526,,,,,,
-68.7361312791972,,,,,,-63.94059841402314,,,,,,
-73.69249357031079,,,,,-54.39800125967867,,,,,,
-77.81906171013154,,,,,-37.52556561720782,,,,,,
-80.03019432902683,,,,,-9.129144997012277,,,,,,
-79.09266753925237,,,,,22.96229799891067,,,,,,,
-75.60870305899607,,,,,44.53202944341419,,,,,,,
-70.92438406082493,,,,,56.63692857727003,,,,,,,
-65.7228274810078,,,,,,63.75329518073678,,,,,,,
-60.27198598535172,,,,,68.29509038743718,,,,,,,
-54.68489879983213,,,,,71.40447819841796,,,,,,,
-49.01513903956788,,,,,73.65443724546412,,,,,,,
-43.29108514488804,,,,,75.35645059485989,,,,,,,
-37.52919442196078,,,,,76.69283456469877,,,,,,,
-31.73999558846466,,,,,77.77732713994641,,,,,,,
-25.93098093410078,,,,,78.6850105658788,,,,,,,,
-20.1077613742278,,,,,,79.46817762059536,,,,,,,
-14.27445478258049,,,,,80.16526814682726,,,,,,,
-8.434584669186478,,,,,80.80614046372921,,,,,,,
-3.809147041672877,,,,,81.29001899667959,,,,,,,
