sat_11.Earth.Latitude,,,sat_11.Earth.Longitude,,,
-29.35485657412256,,,,,,-67.72828884351354,,,,,,,
-22.46072101131578,,,,,,-66.1624667440943,,,,,,,,
-16.05440441196279,,,,,,-64.8625792277868,,,,,,,,
-9.553652787992762,,,,,,-63.63968238611984,,,,,,,
-2.996994538337118,,,,,,-62.46046558990381,,,,,,,
3.538820115975627,,,,,,,-61.30142238022326,,,,,,,
10.03803098750572,,,,,,,-60.12963925993713,,,,,,,
16.49253609599155,,,,,,,-58.90994144057746,,,,,,,
22.89403941064145,,,,,,,-57.6025385733081,,,,,,,,
29.12671422615054,,,,,,,-56.18429136806826,,,,,,,
35.12362227101902,,,,,,,-54.61914845656724,,,,,,,
40.88815075060332,,,,,,,-52.843919057668,,,,,,,,,
46.4315197857276,,,,,,,,-50.7695608869716,,,,,,,,
51.76096794799356,,,,,,,-48.2675170833486,,,,,,,,
56.87455711632693,,,,,,,-45.1436737329237,,,,,,,,
61.6388490566973,,,,,,,,-41.2045516811538,,,,,,,,
65.99481667872357,,,,,,,-36.12201730861504,,,,,,,
69.90398509741043,,,,,,,-29.35322482912149,,,,,,,
73.27796609057384,,,,,,,-20.08940833873755,,,,,,,
75.9380007736371,,,,,,,,-7.33671983827435,,,,,,,,
77.60006221089171,,,,,,,9.389366352291061,,,,,,,,
77.98401471582747,,,,,,,28.52514971145539,,,,,,,,
77.07472069785496,,,,,,,46.3753365042988,,,,,,,,,
75.26021714878382,,,,,,,60.01042748191872,,,,,,,,
72.95751320071581,,,,,,,69.74265841635255,,,,,,,,
70.42105813777233,,,,,,,76.69871631995949,,,,,,,,
67.7809415695143,,,,,,,,81.80602106942705,,,,,,,,
65.09879637049123,,,,,,,85.67859220829374,,,,,,,,
62.40078441913785,,,,,,,88.70611570048705,,,,,,,,
59.6960033792197,,,,,,,,91.13682160211648,,,,,,,,
56.98534993109793,,,,,,,93.13270026057138,,,,,,,,
54.26523762382464,,,,,,,94.80293709421902,,,,,,,,
51.53145436101681,,,,,,,96.22243023004704,,,,,,,,
48.87409957125883,,,,,,,97.40531537924375,,,,,,,,
46.33224688141031,,,,,,,98.38978096829059,,,,,,,,
43.89434618164903,,,,,,,99.2222806411836,,,,,,,,,
41.5429793051655,,,,,,,,99.93791471757191,,,,,,,,
39.26053307837102,,,,,,,100.5624548931129,,,,,,,,
37.03007396760982,,,,,,,101.1150640981396,,,,,,,,
34.83519566886642,,,,,,,101.6102957623581,,,,,,,,
32.66075236250364,,,,,,,102.0592348273442,,,,,,,,
30.4928390861059,,,,,,,,102.4704370952434,,,,,,,,
28.31846955733924,,,,,,,102.8506381894765,,,,,,,,
26.12655493875444,,,,,,,103.2050546563016,,,,,,,,
23.90736526287833,,,,,,,103.5378551780464,,,,,,,,
21.65253044412014,,,,,,,103.8524325386338,,,,,,,,
19.41886831383844,,,,,,,104.1435710030119,,,,,,,,
17.26684339316694,,,,,,,104.4072834832571,,,,,,,,
15.19094556257344,,,,,,,104.6481453911703,,,,,,,,
13.17825359124737,,,,,,,104.8707602729524,,,,,,,,
11.2151929519967,,,,,,,,105.0790668979732,,,,,,,,
9.288268055634216,,,,,,,105.2764365809398,,,,,,,,
7.383932475982345,,,,,,,105.4658346092155,,,,,,,,
5.488838983243247,,,,,,,105.6499153540566,,,,,,,,
3.589627579125448,,,,,,,105.831145848583,,,,,,,,,
1.673505271892454,,,,,,,106.0118418093109,,,,,,,,
-0.2715806320614453,,,,,106.1942388010894,,,,,,,,
-2.257583641964699,,,,,,106.3806363570161,,,,,,,,
-4.295200855876771,,,,,,106.5733751072679,,,,,,,,
-6.394613556467863,,,,,,106.7749969606322,,,,,,,,
-8.550778428800562,,,,,,106.9868807568085,,,,,,,,
-10.66208959076946,,,,,,107.200712224873,,,,,,,,,
-12.72595282035181,,,,,,107.4174182829562,,,,,,,,
-14.7521054146347,,,,,,,107.6391215038573,,,,,,,,
-16.75204059713604,,,,,,107.8682306098214,,,,,,,,
-18.73801032884655,,,,,,108.1074525190601,,,,,,,,
-20.72293722362603,,,,,,108.3599074076466,,,,,,,,
-22.72042037240173,,,,,,108.6292767381067,,,,,,,,
-24.74454047039045,,,,,,108.9199570946906,,,,,,,,
-26.81002763739503,,,,,,109.2373116296462,,,,,,,,
-28.93169552727922,,,,,,109.5878806181234,,,,,,,,
-31.12423155327189,,,,,,109.9797211185853,,,,,,,,
-33.40278019078774,,,,,,110.4230320583266,,,,,,,,
-35.78195335462433,,,,,,110.9307086010431,,,,,,,,
-38.15885973340797,,,,,,111.49032661801,,,,,,,,,,
-40.52257427278575,,,,,,112.1067838911495,,,,,,,,
-42.88223823025232,,,,,,112.7912884627932,,,,,,,,
-45.25059610430294,,,,,,113.5592774651008,,,,,,,,
-47.37115338575686,,,,,,114.3273091922815,,,,,,,,
