sat_8.Earth.Latitude,,,sat_8.Earth.Longitude,,,
-58.15463227064399,,,,,139.0772588751907,,,,,,,
-61.08527851630519,,,,,141.4388101554404,,,,,,,
-63.77241554094988,,,,,144.129970369839,,,,,,,,
-66.46480939638467,,,,,147.5430859076448,,,,,,,
-69.13321444763568,,,,,151.9795664165229,,,,,,,
-71.70985230531571,,,,,157.8624444804261,,,,,,,
-74.10866546385148,,,,,165.8728543437733,,,,,,,
-76.16735540858251,,,,,176.9481286587206,,,,,,,
-77.59986855657142,,,,,-168.072288062481,,,,,,,
-78.01443547811894,,,,,-150.0143861723132,,,,,,
-77.18582426739097,,,,,-131.9371627560893,,,,,,
-75.20257455105892,,,,,-116.7728345877703,,,,,,
-72.31638356868854,,,,,-105.302309268262,,,,,,,
-68.74561807946129,,,,,-96.87923990724924,,,,,,
-64.6186534556653,,,,,,-90.625497797921,,,,,,,,
-60.11161691253488,,,,,-85.95976451083298,,,,,,
-55.31573917536016,,,,,-82.38299680936451,,,,,,
-50.25218550631416,,,,,-79.54062487204126,,,,,,
-44.91779566315738,,,,,-77.20381098352196,,,,,,
-39.29920211361458,,,,,-75.22195917027352,,,,,,
-33.37920092402321,,,,,-73.49177911982892,,,,,,
-27.14065619501394,,,,,-71.93873083930781,,,,,,
-20.60053071449279,,,,,-70.51199906617326,,,,,,
-14.01889327758999,,,,,-69.21342701312876,,,,,,
-7.442474800404868,,,,,-68.00033657564482,,,,,,
-0.8881006707292108,,,,-66.83323754444469,,,,,,
5.634058832742045,,,,,,-65.67679198574055,,,,,,
12.11576893614241,,,,,,-64.49691863095839,,,,,,
18.55059952048671,,,,,,-63.25720180953309,,,,,,
24.93019215736758,,,,,,-61.91554401624752,,,,,,
31.24305964396801,,,,,,-60.41926978572643,,,,,,
37.47540615175577,,,,,,-58.69735415252049,,,,,,
43.60642694632769,,,,,,-56.64951526003766,,,,,,
49.40542958342257,,,,,,-54.22219766267002,,,,,,
54.76846145399225,,,,,,-51.31702058904227,,,,,,
59.70274976833309,,,,,,-47.74524842182306,,,,,,
64.21676068411479,,,,,,-43.21763909688732,,,,,,
68.29666486586993,,,,,,-37.29196457009121,,,,,,
71.88645576837212,,,,,,-29.30236946620548,,,,,,
74.85955491420906,,,,,,-18.34049503478596,,,,,,
76.98893112661047,,,,,,-3.583882420275843,,,,,,
77.9831006403124,,,,,,,14.53626860171814,,,,,,,
77.68121824449497,,,,,,33.22218032224998,,,,,,,
76.24171287722747,,,,,,49.14289839568998,,,,,,,
74.01358092711578,,,,,,61.14989649560904,,,,,,,
71.30400642781349,,,,,,69.84105803152433,,,,,,,
68.39508170223601,,,,,,76.01499955804043,,,,,,,
65.49630395124082,,,,,,80.41830142783685,,,,,,,
62.66986901650087,,,,,,83.67933643514127,,,,,,,
59.93259983857199,,,,,,86.18334359505657,,,,,,,
57.28333377042838,,,,,,88.16662781914837,,,,,,,
54.71277357895081,,,,,,89.77940536960314,,,,,,,
52.20765081816014,,,,,,91.1208854653463,,,,,,,,
49.75327660024197,,,,,,92.25862503364856,,,,,,,
47.33444229262673,,,,,,93.24003943168469,,,,,,,
44.93679991290843,,,,,,94.09895573205978,,,,,,,
42.54738876670399,,,,,,94.85994366105371,,,,,,,
40.15401056415409,,,,,,95.5413812551228,,,,,,,,
37.7467115235511,,,,,,,96.15689603581484,,,,,,,
35.31687437914135,,,,,,96.71695639470853,,,,,,,
32.87370159053317,,,,,,97.22646731024685,,,,,,,
30.5316382983561,,,,,,,97.67102847459213,,,,,,,
28.28914481121749,,,,,,98.06152267510971,,,,,,,
26.13162444731805,,,,,,98.40866256065952,,,,,,,
24.04365866951801,,,,,,98.72105968514205,,,,,,,
22.01011723747562,,,,,,99.00560505431471,,,,,,,
20.01623954563733,,,,,,99.26788734006064,,,,,,,
18.04762098393736,,,,,,99.51251051738883,,,,,,,
16.09040202794064,,,,,,99.74330839306566,,,,,,,
14.1311058893804,,,,,,,99.96354965506488,,,,,,,
12.15718082295622,,,,,,100.1760258789708,,,,,,,
10.15716684858289,,,,,,100.3831659973498,,,,,,,
8.120141086970072,,,,,,100.5872051585799,,,,,,,
6.036586077868504,,,,,,100.7901943322307,,,,,,,
3.997571695954177,,,,,,100.9847151682404,,,,,,,
2.010269373203045,,,,,,101.1717227592045,,,,,,,
0.06472466900754356,,,,101.3535776540596,,,,,,,
-1.851378022112194,,,,,101.5326671199923,,,,,,,
-3.537557001412215,,,,,101.6911657334764,,,,,,,
