sat_1.Earth.Latitude,,,sat_1.Earth.Longitude,,,
29.61599364130383,,,,,,-53.98773857277976,,,,,,
36.27109160502572,,,,,,-52.21328987439026,,,,,,
42.05809410608926,,,,,,-50.36438045617117,,,,,,
47.57772159785506,,,,,,-48.20458249770213,,,,,,
52.81708007906295,,,,,,-45.61562712946035,,,,,,
57.73493078387126,,,,,,-42.44572776486821,,,,,,
62.33117391814063,,,,,,-38.43831906248042,,,,,,
66.58925594769347,,,,,,-33.18893965951144,,,,,,
70.45323694407527,,,,,,-26.05897345451872,,,,,,
73.74590108966906,,,,,,-16.28159926604224,,,,,,
76.25073412659125,,,,,,-3.062781494796484,,,,,,
77.71874835850763,,,,,,13.71667280858069,,,,,,,
77.95501594866855,,,,,,32.18694024212871,,,,,,,
77.01817117799546,,,,,,49.05823787109088,,,,,,,
75.20646472049876,,,,,,62.37161986176561,,,,,,,
72.90212830733067,,,,,,71.99634430089361,,,,,,,
70.36797906774724,,,,,,78.88801850614881,,,,,,,
67.73416412597614,,,,,,83.95173485762416,,,,,,,
65.06089260649533,,,,,,87.79425654094244,,,,,,,
62.37391607455007,,,,,,90.80011328213685,,,,,,,
59.68182959933284,,,,,,93.21482308474272,,,,,,,
56.98439637839015,,,,,,95.1991910574306,,,,,,,,
54.28907762330577,,,,,,96.85467771379759,,,,,,,
51.69034749721733,,,,,,98.21049854436026,,,,,,,
49.18480968738338,,,,,,99.3395876471152,,,,,,,,
46.75693360789476,,,,,,100.2974045704378,,,,,,,
44.38973320064439,,,,,,101.1237263715931,,,,,,,
42.06675095593378,,,,,,101.8473251211699,,,,,,,
39.77198392812127,,,,,,102.4895175077173,,,,,,,
37.49094824887602,,,,,,103.0661417419852,,,,,,,
35.21077150891785,,,,,,103.5891255709915,,,,,,,
32.91951284383649,,,,,,104.0677081829572,,,,,,,
30.60737327494636,,,,,,104.5089220940724,,,,,,,
28.34662858550385,,,,,,104.9047859909871,,,,,,,
26.16906637686033,,,,,,105.2568635403545,,,,,,,
24.06474075303878,,,,,,105.5730606720998,,,,,,,
22.01903206646413,,,,,,105.8604183361052,,,,,,,
20.01713391461147,,,,,,106.1247096183644,,,,,,,
18.04463775473729,,,,,,106.3706748415567,,,,,,,
16.08730781822678,,,,,,106.6022958694937,,,,,,,
14.13168847735528,,,,,,106.8229136614818,,,,,,,
12.16508077944757,,,,,,107.0353917675804,,,,,,,
10.17525222523447,,,,,,107.24227635488,,,,,,,,,
8.151343967939118,,,,,,107.4458126077365,,,,,,,
6.083411066490993,,,,,,107.6480972208292,,,,,,,
3.962449836072095,,,,,,107.8511673565713,,,,,,,
1.841337076635671,,,,,,108.0513641871696,,,,,,,
-0.2214801098294082,,,,108.244771673834,,,,,,,,
-2.229502382064886,,,,,108.433192014983,,,,,,,,
-4.193689184960451,,,,,108.6189173869383,,,,,,,
-6.126088394580361,,,,,108.8042187046617,,,,,,,
-8.039123331681015,,,,,108.9913681515073,,,,,,,
-9.945713285147837,,,,,109.1827386351812,,,,,,,
-11.85902084469464,,,,,109.3808695507932,,,,,,,
-13.79266503323782,,,,,109.5885876432028,,,,,,,
-15.76013556549764,,,,,109.8090577295963,,,,,,,
-17.77460584095337,,,,,110.0458873241413,,,,,,,
-19.84959578938698,,,,,110.3033618353289,,,,,,,
-21.99776969072808,,,,,110.5864993013181,,,,,,,
-24.231697474354,,,,,,,110.9013930542126,,,,,,,
-26.54797948092361,,,,,111.2530532323091,,,,,,,
-28.83780586845565,,,,,111.6294323795992,,,,,,,
-31.09706007083978,,,,,112.0326995360818,,,,,,,
-33.33516426841729,,,,,112.4677494324833,,,,,,,
-35.56383867152626,,,,,112.9409699753751,,,,,,,
-37.79603306615837,,,,,113.4605312272599,,,,,,,
-40.04582611836288,,,,,114.0369836222356,,,,,,,
-42.32841311685705,,,,,114.6841208653761,,,,,,,
-44.65983655558368,,,,,115.4201471966599,,,,,,,
-47.0570832238238,,,,,,116.2695446848632,,,,,,,
-49.53724677230469,,,,,117.265580632617,,,,,,,,
-52.11693352006429,,,,,118.4543665673261,,,,,,,
-54.81232703773404,,,,,119.9019445780668,,,,,,,
-57.63687809572421,,,,,121.7051238372843,,,,,,,
-60.46034368692006,,,,,123.8915854327809,,,,,,,
-63.25657908211031,,,,,126.5709204125791,,,,,,,
-66.01647389761965,,,,,129.9239910743663,,,,,,,
-68.72319587944727,,,,,134.2287733913624,,,,,,,
-71.05163879374204,,,,,139.188189162501,,,,,,,,
