sat_0.Earth.Latitude,,,sat_0.Earth.Longitude,,,
0.1376780119617907,,,,,-68.89559465811064,,,,,,
3.817373738330101,,,,,,-68.09448954186655,,,,,,
9.244362617314209,,,,,,-66.8932615269581,,,,,,,
14.90510152400697,,,,,,-65.58552168818426,,,,,,
20.57770938625221,,,,,,-64.17970490556233,,,,,,
26.22901775746802,,,,,,-62.63566887593205,,,,,,
31.84643876087788,,,,,,-60.89598762882164,,,,,,
37.41770019575598,,,,,,-58.88293769546399,,,,,,
42.92650504199162,,,,,,-56.4877203413973,,,,,,,
48.34866562058537,,,,,,-53.55209663353649,,,,,,
53.64675229184104,,,,,,-49.83683825932331,,,,,,
58.75999072717622,,,,,,-44.96758115413869,,,,,,
63.58347738908321,,,,,,-38.34709563461313,,,,,,
67.92901825802794,,,,,,-29.04280842852909,,,,,,
71.4592136018138,,,,,,,-15.80804531623942,,,,,,
73.63812004287651,,,,,,2.117254808515988,,,,,,,
73.9058253788787,,,,,,,22.8633019286256,,,,,,,,
72.17336434967179,,,,,,41.86278360434914,,,,,,,
68.92553659953062,,,,,,56.31226549607704,,,,,,,
64.73878557433213,,,,,,66.51440424672145,,,,,,,
60.00242840208367,,,,,,73.72532292949221,,,,,,,
54.93737925436489,,,,,,78.97752885218053,,,,,,,
49.6661143075346,,,,,,,82.94607640930241,,,,,,,
44.25880442721049,,,,,,86.05377255692339,,,,,,,
38.75786968956096,,,,,,88.56885584187069,,,,,,,
33.19034740882596,,,,,,90.66698436921517,,,,,,,
27.57430913568539,,,,,,92.46762268390135,,,,,,,
21.92267661437175,,,,,,94.05529922270119,,,,,,,
16.2454840744726,,,,,,,95.49242819110968,,,,,,,
10.55094237629476,,,,,,96.82740338378819,,,,,,,
4.845813940298534,,,,,,98.09995202744831,,,,,,,
-0.8639043261432896,,,,99.34478899050713,,,,,,,
-6.572370998501091,,,,,100.5944390646917,,,,,,,
-12.27384047278924,,,,,101.8818228975135,,,,,,,
-17.96218469493839,,,,,103.2428133815095,,,,,,,
-23.63045941926008,,,,,104.7192955922221,,,,,,,
-29.2703127182876,,,,,,106.363248504888,,,,,,,,
-34.87098147136912,,,,,108.2426370881618,,,,,,,
-40.41805028019682,,,,,110.4506231563645,,,,,,,
-45.89126856193528,,,,,113.1205294362655,,,,,,,
-51.26006693782882,,,,,116.4507236282208,,,,,,,
-56.47553188542993,,,,,120.7471391373365,,,,,,,
-61.45546196543393,,,,,126.4952021088582,,,,,,,
-66.05454745828956,,,,,134.4668489580629,,,,,,,
-70.01033595599871,,,,,145.8004879411222,,,,,,,
-72.87295559769517,,,,,161.6691846502368,,,,,,,
-74.04371529602908,,,,,-178.3513188921405,,,,,,
-73.16707559895161,,,,,-158.0152327401031,,,,,,
-70.51882607492324,,,,,-141.4484730226183,,,,,,
-66.69597509971122,,,,,-129.5127796428195,,,,,,
-62.17826406225551,,,,,-121.1275648500233,,,,,,
-57.25106102212552,,,,,-115.1093851257768,,,,,,
-52.07227825492083,,,,,-110.6349586417364,,,,,,
-46.73079992388514,,,,,-107.1845786840227,,,,,,
-41.27883820419835,,,,,-104.4313946315243,,,,,,
-35.74876830794013,,,,,-102.1645446298566,,,,,,
-30.16214065630926,,,,,-100.2431845577529,,,,,,
-24.53381569142438,,,,,-98.56933574369516,,,,,,
-18.87441353096198,,,,,-97.07189787645994,,,,,,
-13.19268164278117,,,,,-95.69704845449023,,,,,,
-7.496278676111621,,,,,-94.40185051868633,,,,,,
-1.791460708113473,,,,,-93.14976726954347,,,,,,
3.915377618448663,,,,,,-91.90776535502791,,,,,,
9.618137424456737,,,,,,-90.64353544186943,,,,,,
15.3103823408078,,,,,,,-89.32308432655518,,,,,,
20.98506902143301,,,,,,-87.90797023706202,,,,,,
26.63464913489097,,,,,,-86.35166134730036,,,,,,
32.24922496073101,,,,,,-84.59493529542888,,,,,,
37.81655731115159,,,,,,-82.55821125904397,,,,,,
43.31998037778097,,,,,,-80.12983711951807,,,,,,
48.73458186696909,,,,,,-77.14698583900547,,,,,,
54.02166016703693,,,,,,-73.36284687331511,,,,,,
59.11812117804731,,,,,,-68.3903920172895,,,,,,,
63.91461179770862,,,,,,-61.61207058409354,,,,,,
68.21466239691173,,,,,,-52.06836791996586,,,,,,
71.66741235948268,,,,,,-38.50505079621102,,,,,,
73.72473238884251,,,,,,-20.27083618369943,,,,,,
73.84306654116909,,,,,,0.5080807924834509,,,,,,
71.98133637445497,,,,,,19.22748272018935,,,,,,,
68.64856194453519,,,,,,33.33688785956502,,,,,,,
64.41189051487838,,,,,,43.28162286326956,,,,,,,
59.64597420247227,,,,,,50.32226159870922,,,,,,,
54.56259658915388,,,,,,55.46373969385731,,,,,,,
49.2793182490957,,,,,,,59.35893604282729,,,,,,,
43.86379574759137,,,,,,62.41669402863258,,,,,,,
38.35706383029533,,,,,,64.89693431603894,,,,,,,
32.78520102597581,,,,,,66.97037058899797,,,,,,,
27.16588674463909,,,,,,68.75334765043158,,,,,,,
21.51183057339587,,,,,,70.32844289967717,,,,,,,
15.83304445135924,,,,,,71.75681207147298,,,,,,,
10.13744517256498,,,,,,73.0861251849168,,,,,,,,
4.431701161320539,,,,,,74.35564520602298,,,,,,,
-1.278251962022199,,,,,75.59985013308363,,,,,,,
-6.986544799719995,,,,,76.85120368196627,,,,,,,
-12.68739291445277,,,,,78.14274889349173,,,,,,,
-18.37453938441697,,,,,79.51066454020358,,,,,,,
-24.04109742498391,,,,,80.99744750115275,,,,,,,
-29.67854098058775,,,,,82.65600240977523,,,,,,,
-35.27589826762426,,,,,84.55576577554827,,,,,,,
-40.81836035377366,,,,,86.79219729324009,,,,,,,
-46.28510318754284,,,,,89.50232675177639,,,,,,,
-51.64462051899189,,,,,92.89063543154973,,,,,,,
-56.84622877890164,,,,,97.27323160535201,,,,,,,
-61.80436758384676,,,,,103.1523307317832,,,,,,,
-66.36740796946698,,,,,111.3251495037775,,,,,,,
-70.26157621518698,,,,,122.9534959923571,,,,,,,
-73.02203633980974,,,,,139.170170142115,,,,,,,,
-74.04967190214745,,,,,159.3373476785245,,,,,,,
-73.02811524959758,,,,,179.5081501469642,,,,,,,
-70.27453624819312,,,,,-164.2707741241664,,,,,,
-66.38786787528241,,,,,-152.6366061246995,,,,,,
-61.83298344138352,,,,,-144.458880323814,,,,,,,
-56.88340850381482,,,,,-138.5758741062226,,,,,,
-51.69052474658044,,,,,-134.1902458136102,,,,,,
-46.3396998994569,,,,,,-130.7996487024506,,,,,,
-40.88129407264997,,,,,-128.0877861819461,,,,,,
-35.34651304215195,,,,,-125.8500640181809,,,,,,
-29.75645701530972,,,,,-123.9495523747627,,,,,,
-24.12554014557269,,,,,-122.2906357110442,,,,,,
-18.46428453648554,,,,,-120.8037647530156,,,,,,
-12.78141932827823,,,,,-119.4361027477267,,,,,,
-7.084370020740696,,,,,-118.145272629342,,,,,,,
-1.37925393531987,,,,,,-116.8950615909269,,,,,,
4.327558910155494,,,,,,-115.6525768395079,,,,,,
10.02989486533393,,,,,,-114.3854844166368,,,,,,
15.72103106021743,,,,,,-113.0596266034533,,,,,,
21.39409332772461,,,,,,-111.636069648879,,,,,,,
27.04144460413936,,,,,,-110.0675394280188,,,,,,
32.65312150445305,,,,,,-108.2936095026848,,,,,,
38.21655815256583,,,,,,-106.2328633566052,,,,,,
43.71465302642781,,,,,,-103.7706991065657,,,,,,
49.12153356791174,,,,,,-100.7396373240999,,,,,,
54.39735633811004,,,,,,-96.88491070494204,,,,,,
59.47648557832412,,,,,,-91.80645104020587,,,,,,
64.24508036067918,,,,,,-84.8655539433347,,,,,,,
68.49800293433771,,,,,,-75.07554180128253,,,,,,
71.87048645234502,,,,,,-61.178765538123,,,,,,,,
73.80325863366355,,,,,,-42.64431503182264,,,,,,
73.7718820707989,,,,,,,-21.8570538747286,,,,,,,
71.78357540525134,,,,,,-3.429744159573576,,,,,,
68.36860297175039,,,,,,10.34352924824754,,,,,,,
64.0836215999453,,,,,,,20.03766863368452,,,,,,,
59.28913266495411,,,,,,26.91264766139555,,,,,,,
54.18806064270305,,,,,,31.9461539102873,,,,,,,,
48.89315703950587,,,,,,35.769635183688,,,,,,,,,
43.46967897321684,,,,,,38.77842051503795,,,,,,,
37.95716605048263,,,,,,41.22445447024676,,,,,,,
32.38107750056922,,,,,,43.27352725353459,,,,,,,
26.75861524134184,,,,,,45.03901538820607,,,,,,,
21.10246605935548,,,,,,46.60155658519495,,,,,,,
15.42222131203078,,,,,,48.02119127563748,,,,,,,
9.725656899547737,,,,,,49.34483835597594,,,,,,,
4.019375719887194,,,,,,50.61130316360795,,,,,,,
-1.690616390664306,,,,,51.8548086140212,,,,,,,,
-7.398627373016754,,,,,53.10781005866572,,,,,,,
-13.0987131191055,,,,,,54.40345372826854,,,,,,,
-18.78472041750123,,,,,55.77828970336612,,,,,,,
-24.44950436670124,,,,,57.27536671759935,,,,,,,
-30.08446240300892,,,,,58.9485573536158,,,,,,,,
-35.67850074359069,,,,,60.86883396765297,,,,,,,
-41.2164856149445,,,,,,63.13406057737738,,,,,,,
-46.6769030872898,,,,,,65.88507219517713,,,,,,,
-52.02716721116128,,,,,69.3326184582133,,,,,,,,
-57.21488721525169,,,,,73.80345002423064,,,,,,,
-62.15083681941893,,,,,79.81701536332548,,,,,,,
-66.67686384199675,,,,,88.19640455330629,,,,,,,
-70.50754160531946,,,,,100.1257077912229,,,,,,,
-73.16302778141211,,,,,116.688046812262,,,,,,,,
-74.04619051522279,,,,,137.0228085199304,,,,,,,
-72.88182487616842,,,,,157.0080685259633,,,,,,,
-70.02619095185644,,,,,172.8832445809871,,,,,,,
-66.07796959441488,,,,,-175.7766154278544,,,,,,
-61.48708497046584,,,,,-167.7999268688628,,,,,,
-56.51580701884497,,,,,-162.0480989329743,,,,,,
-51.3092205043984,,,,,,-157.7489019141066,,,,,,
-45.94930120182293,,,,,-154.4166818050282,,,,,,
-40.48457026980074,,,,,-151.7452709323892,,,,,,
-34.94535239056984,,,,,-149.5362203418868,,,,,,
-29.35182366004613,,,,,-147.6561946358348,,,,,,
-23.71827278874668,,,,,-146.0119918539141,,,,,,
-18.0551283263759,,,,,,-144.5355611516175,,,,,,
-12.37120985192393,,,,,-143.1750439789331,,,,,,
-6.673560692887403,,,,,-141.888566424738,,,,,,,
-0.9682792490321752,,,,-140.6402535498811,,,,,,
4.738399597143196,,,,,,-139.3973189322712,,,,,,
10.44016931902013,,,,,,-138.1274087389951,,,,,,
16.13003032543484,,,,,,-136.7961915698031,,,,,,
21.80132114625253,,,,,,-135.3642211398009,,,,,,
27.44638165048953,,,,,,-133.783444671323,,,,,,,
33.05510607240726,,,,,,-131.9922204334554,,,,,,
38.61454637918099,,,,,,-129.9072691797368,,,,,,
44.10713506781828,,,,,,-127.4109805949406,,,,,,
49.50607809495076,,,,,,-124.331078348921,,,,,,,
54.77026187700449,,,,,,-120.4046854879088,,,,,,
59.83158665628446,,,,,,-115.2182168793356,,,,,,
64.57142716105167,,,,,,-108.1114986485487,,,,,,
68.77587644024376,,,,,,-98.07059495625604,,,,,,
72.06597618539973,,,,,,-83.83886829613179,,,,,,
73.87237727130689,,,,,,-65.01815930323724,,,,,,
73.69263893297804,,,,,,-44.2473417657028,,,,,,,
71.58184983591549,,,,,,-26.12080675750038,,,,,,
68.08820185844378,,,,,,-12.67610630683775,,,,,,
63.75692584625224,,,,,,-3.223384698264991,,,,,,
58.93501661079561,,,,,,3.492175038450721,,,,,,,
53.81691448302795,,,,,,8.421572313703891,,,,,,,
48.51095805490858,,,,,,12.17560445995487,,,,,,,
43.07993446875255,,,,,,15.13685225732159,,,,,,,
37.56213843597699,,,,,,17.54953753163355,,,,,,,
31.98213293938369,,,,,,19.57486051242532,,,,,,,
26.35682554279383,,,,,,21.32326850780538,,,,,,,
20.69864326107504,,,,,,22.87359587681341,,,,,,,
15.01706606900273,,,,,,24.28472168415898,,,,,,,
9.319649019540009,,,,,,25.60286750672774,,,,,,,
3.612939833725594,,,,,,26.8663990986784,,,,,,,,
-2.09712818508607,,,,,,28.10932961030085,,,,,,,
-7.804740676459065,,,,,29.36405192960615,,,,,,,
-13.5040875361097,,,,,,30.66389037447306,,,,,,,
-19.1888930092634,,,,,,32.04572566664406,,,,,,,
-24.85193979232604,,,,,33.55321693529933,,,,,,,
-30.48452981294372,,,,,35.24122750327496,,,,,,,
-36.0754132415082,,,,,,37.18229946639195,,,,,,,
-41.60896433195675,,,,,39.47669901184609,,,,,,,
-47.06314194537458,,,,,42.26923555515584,,,,,,,
-52.40424831907507,,,,,45.77712915725859,,,,,,,
-57.57787024624799,,,,,50.33788423789881,,,,,,,
-62.49125528342503,,,,,56.4888304707727,,,,,,,,
-66.97939525101094,,,,,65.07915080694704,,,,,,,
-70.74488724536072,,,,,77.31329391960193,,,,,,,
-73.29314885034471,,,,,94.21479550693749,,,,,,,
-74.03158125473915,,,,,114.692877708274,,,,,,,,
-72.72767810865102,,,,,134.4738902398476,,,,,,,
-69.77392408383315,,,,,150.0057171145322,,,,,,,
-65.76675244721443,,,,,161.061205383797,,,,,,,,
-61.14126515160398,,,,,168.8445201031954,,,,,,,
-56.1489784463549,,,,,,174.4701961175189,,,,,,,
-50.92894743366212,,,,,178.6861786582201,,,,,,,
-45.56004529364224,,,,,-178.0379474265974,,,,,,
-40.08908201467493,,,,,-175.405680821042,,,,,,,
-34.54537401859108,,,,,-173.2243677773444,,,,,,
-28.94851427185088,,,,,-171.3642297409563,,,,,,
-23.31248689698464,,,,,-169.7343033402894,,,,,,
-17.64762700201167,,,,,-168.2679795000871,,,,,,
-11.9625736992489,,,,,,-166.9142804772131,,,,,,
-6.264280994586121,,,,,-165.6318865127608,,,,,,
-0.5588077713350396,,,,-164.3852351498452,,,,,,
5.147657662729571,,,,,,-163.1416498958023,,,,,,
10.84859977588215,,,,,,-161.868762422512,,,,,,,
16.53714515300708,,,,,,-160.5319649078315,,,,,,
22.20662217002969,,,,,,-159.0913295360005,,,,,,
27.84922728392221,,,,,,-157.4980356705409,,,,,,
33.45482369955539,,,,,,-155.6891659345075,,,,,,
39.01007154190039,,,,,,-153.5795288931196,,,,,,
44.49684694032606,,,,,,-151.0484614469364,,,,,,
49.88751430977733,,,,,,-147.9187148342825,,,,,,
55.13965223022511,,,,,,-143.9190483823476,,,,,,
60.18262877979555,,,,,,-138.6219157865762,,,,,,
64.89279267943854,,,,,,-131.3452251699908,,,,,,
69.04702512652851,,,,,,-121.0485480233102,,,,,,
72.25221690851775,,,,,,-106.4812229442574,,,,,,
73.93024195842635,,,,,,-87.39047797661526,,,,,,
73.60355656531689,,,,,,-66.66311283020561,,,,,,
71.37428882612502,,,,,,-48.84548527133018,,,,,,
67.80543399824174,,,,,,-35.72252766476333,,,,,,
63.43007916226356,,,,,,-26.50297474404653,,,,,,
58.58201314382382,,,,,,-19.94080620916223,,,,,,
53.44776145254285,,,,,,-15.11171829507566,,,,,,
48.13129039250952,,,,,,-11.42463207428372,,,,,,
42.69308990060145,,,,,,-8.509254322459732,,,,,,
37.17019971876077,,,,,,-6.128735105400247,,,,,,
31.58653084163286,,,,,,-4.126357290722509,,,,,,
25.9585446477466,,,,,,,-2.39441559901609,,,,,,,
20.29848684915374,,,,,,-0.8558312260131801,,,,,
14.61557536090643,,,,,,0.5471978597364805,,,,,,
8.91732076073913,,,,,,,1.860181542673019,,,,,,,
3.210177386327864,,,,,,3.121079353687822,,,,,,,
-2.499885465824292,,,,,4.363689043542538,,,,,,,
-8.207169939702412,,,,,5.620408128555109,,,,,,,
-13.90586234222646,,,,,6.924724960247446,,,,,,,
-19.58945428152437,,,,,8.313841164967501,,,,,,,
-25.25076843525911,,,,,9.832072958100015,,,,,,,
-30.88091583169594,,,,,11.53527566615825,,,,,,,
-36.4684798167509,,,,,,13.4975923929864,,,,,,,,
-41.99746918827607,,,,,15.82180292854322,,,,,,,
-47.44522622595878,,,,,18.65677861221283,,,,,,,
-52.77689678577267,,,,,22.226390457091,,,,,,,,,
-57.93606753085174,,,,,26.87929655970225,,,,,,,
-62.82621846913481,,,,,33.17111254076542,,,,,,,
-67.27529725267041,,,,,41.97748752914531,,,,,,,
-70.97325335847016,,,,,54.51962873790424,,,,,,,
-73.41174761640984,,,,,71.75239474922347,,,,,,,
-74.00516079269764,,,,,92.34720598511386,,,,,,,
-72.56508711028464,,,,,111.9053278972291,,,,,,,
-69.51722061850153,,,,,127.0961408235641,,,,,,,
-65.45378643353087,,,,,137.8759384244373,,,,,,,
-60.7952086778566,,,,,,145.4732812817996,,,,,,,
-55.78271765478124,,,,,150.9777662686591,,,,,,,
-50.5497603290229,,,,,,155.1136774726404,,,,,,,
-45.17213917192803,,,,,158.3353105024264,,,,,,,
-39.69507207977217,,,,,160.9298829841706,,,,,,,
-34.14700792325298,,,,,163.0844671836112,,,,,,,
-28.54698007652065,,,,,164.9254484449441,,,,,,,
-22.9086507475716,,,,,,166.5416578484404,,,,,,,
-17.2420800046519,,,,,,167.9983672730382,,,,,,,
-11.55592452958243,,,,,169.3456567155712,,,,,,,
-5.856975073960823,,,,,170.6243373242417,,,,,,,
-0.1512604583498324,,,,171.8696770858061,,,,,,,
5.554917970039135,,,,,,173.1142252117095,,,,,,,
11.25513537792168,,,,,,174.3904465200665,,,,,,,
16.94249578062827,,,,,,175.7332129506858,,,,,,,
22.61022534333843,,,,,,177.1829353282258,,,,,,,
28.25048353649978,,,,,,178.7892620183156,,,,,,,
33.85273694873899,,,,,,-179.3836862053913,,,,,,
39.40363176871362,,,,,,-177.248631545868,,,,,,,
44.88445473848648,,,,,,-174.6817483933785,,,,,,
50.26685928929701,,,,,,-171.5005098952713,,,,,,
55.50677124290224,,,,,,-167.4251086303593,,,,,,
60.5308212450652,,,,,,,-162.0136278567446,,,,,,
65.21017460427281,,,,,,-154.5614697847227,,,,,,
69.31219060931728,,,,,,-144.0020762864346,,,,,,
72.42936318464741,,,,,,-129.0967549369398,,,,,,
73.97622818609476,,,,,,-109.7515262285441,,,,,,
73.50308568652203,,,,,,-89.09430429746318,,,,,,
71.15838944342765,,,,,,-71.59511122739444,,,,,,
67.51714152015458,,,,,,-58.78966407054137,,,,,,
63.09945411900377,,,,,,-49.79700133071513,,,,,,
58.22629183303196,,,,,,-43.38363589535765,,,,,,
53.07637832394747,,,,,,-38.65171238831067,,,,,,
47.74963036716254,,,,,,-35.0295215820863,,,,,,,
42.30440864039726,,,,,,-32.15866597707971,,,,,,
36.77655612131235,,,,,,-29.80939197508981,,,,,,
31.18933300870775,,,,,,-27.82929331067727,,,,,,
25.55866474292149,,,,,,-26.11328430131542,,,,,,
19.89667636977014,,,,,,-24.58600685918314,,,,,,
14.21243506556707,,,,,,-23.1907252590614,,,,,,,
8.513297577443032,,,,,,-21.88258598748547,,,,,,
2.805723667660077,,,,,,-20.62403846586057,,,,,,
-2.904282742972295,,,,,-19.38148290737439,,,,,,
-8.611131359875491,,,,,-18.12250459646419,,,,,,
-14.30893646632704,,,,,-16.8134531558317,,,,,,,
-19.99125138417599,,,,,-15.41671938607876,,,,,,
-25.65071464786156,,,,,-13.88735582024482,,,,,,
-31.2783351277912,,,,,,-12.1684517277395,,,,,,,
-36.86234721128527,,,,,-10.18426363415881,,,,,,
-42.38637797941894,,,,,-7.829433409946837,,,,,,
-47.82715806463762,,,,,-4.950907823344686,,,,,,
-53.14872860982963,,,,,-1.317914259100876,,,,,,
-58.29259767959832,,,,,3.429714422143909,,,,,,,
-63.15837515016104,,,,,9.866452334638391,,,,,,,
-67.5665214197,,,,,,,,,18.89427749066488,,,,,,,
-71.19436110291367,,,,,31.7491998019131,,,,,,,,
-73.52005193053569,,,,,49.30588935643364,,,,,,,
-73.96771890134822,,,,,69.99090608016,,,,,,,,,,
-72.39450636052085,,,,,89.30731769651065,,,,,,,
-69.25620413222893,,,,,104.1588990239549,,,,,,,
-65.13903773386154,,,,,114.6707276115097,,,,,,,
-60.4488647494035,,,,,,122.0884735029408,,,,,,,
-55.41706476331814,,,,,127.4759964823507,,,,,,,
-50.17164555255462,,,,,131.5346177608427,,,,,,,
-44.7856271660613,,,,,,134.703796000857,,,,,,,,
-39.30275470660439,,,,,137.261842261476,,,,,,,,
-33.75048370108863,,,,,139.3905460849416,,,,,,,
-28.14735988121515,,,,,141.2129996857277,,,,,,,
-22.50682073966256,,,,,142.8159574791643,,,,,,,
-16.83868373057972,,,,,144.2634044623803,,,,,,,
-11.15151489261828,,,,,145.6045866682533,,,,,,,
-5.45199853834222,,,,,,146.8798159003463,,,,,,,
0.2539266174378834,,,,,148.1240969103606,,,,,,,
5.959735431564494,,,,,,149.3698423078502,,,,,,,
11.65917293747211,,,,,,150.6496445460504,,,,,,,
17.34531740311564,,,,,,151.9986547932628,,,,,,,
23.01133585447344,,,,,,153.4577989757867,,,,,,,
28.64917538255837,,,,,,155.0775340295627,,,,,,,
34.24819678094232,,,,,,156.9233143182242,,,,,,,
39.79476494846695,,,,,,159.0844961387784,,,,,,,
45.26966201908714,,,,,,161.6882175967249,,,,,,,
50.64361532994663,,,,,,164.9223678787728,,,,,,,
55.87105927766119,,,,,,169.0757550276737,,,,,,,
60.87565264168845,,,,,,174.6050874423621,,,,,,,
65.52321008663681,,,,,,-177.7618763102739,,,,,,
69.5711276003432,,,,,,,-166.9331038466063,,,,,,
72.59731590429499,,,,,,-151.6884432735795,,,,,,
74.01058262785261,,,,,,-132.1061318042948,,,,,,
73.39193464354351,,,,,,-111.5442910054652,,,,,,
70.9349642219629,,,,,,,-94.37056003955267,,,,,,
67.22400599700855,,,,,,-81.87728480484675,,,,,,
62.76565454061146,,,,,,-73.10514857731779,,,,,,
57.86815996073548,,,,,,-66.83581984207926,,,,,,
52.70296918897535,,,,,,-62.19803883034069,,,,,,
47.36611695949197,,,,,,-58.63881493808694,,,,,,
41.9138964246537,,,,,,,-55.81119733710139,,,,,,
36.38102630262489,,,,,,-53.49228662301677,,,,,,
30.79005244458967,,,,,,-51.5338049281096,,,,,,,
25.15670876530649,,,,,,-49.83329911225568,,,,,,
19.49275522549711,,,,,,-48.31698526631504,,,,,,
13.80719327726543,,,,,,-46.92918000922545,,,,,,
8.107236175715681,,,,,,-45.6256614323727,,,,,,,
2.399361753460553,,,,,,-44.36927128344769,,,,,,
-3.310581851291824,,,,,-43.12655181056201,,,,,,
-9.016879620469711,,,,,-41.86510809243518,,,,,,
-14.7136893557693,,,,,,-40.55108762579233,,,,,,
-20.39453662297277,,,,,-39.14647706666244,,,,,,
-26.05194281459169,,,,,-37.60565903579994,,,,,,
-31.6768064795466,,,,,,-35.87063406729249,,,,,,
-37.25691855346954,,,,,-33.86404028491706,,,,,,
-42.77569543531414,,,,,-31.47779037324536,,,,,,
-48.20910718993009,,,,,-28.55455429102214,,,,,,
-53.520106246399,,,,,,,-24.85637884454697,,,,,,
-58.64797589142677,,,,,-20.01122228788379,,,,,,
-63.48823677350651,,,,,-13.42528953259203,,,,,,
-67.85370924407083,,,,,-4.169904147675041,,,,,,
-71.40877656427855,,,,,9.003047239808875,,,,,,,
-73.61856044684178,,,,,26.8764420784149,,,,,,,,
-73.91971150363366,,,,,47.62542158173465,,,,,,,
-72.21607060648651,,,,,66.6836856467301,,,,,,,,
-68.99065503621839,,,,,81.1976377982713,,,,,,,,
-64.82194610060682,,,,,91.44848106219295,,,,,,,
-60.10146797112782,,,,,98.69220775490726,,,,,,,
-55.05105102040942,,,,,103.9664763691527,,,,,,,
-49.79362414188821,,,,,107.9501081907014,,,,,,,
-44.3995219651078,,,,,,111.0682977355855,,,,,,,
-38.91097540588929,,,,,113.5908255729319,,,,,,,
-33.35471101033594,,,,,115.6942899836152,,,,,,,
-27.74866553399384,,,,,117.4986713380679,,,,,,,
-22.10590793411554,,,,,119.0887553806775,,,,,,,
-16.43625510639246,,,,,120.5272139167408,,,,,,,
-10.74807152254541,,,,,121.8625206156852,,,,,,,
-5.047942573642827,,,,,123.1345070436365,,,,,,,
0.658172046745778,,,,,,124.3779079129059,,,,,,,
6.363767951060063,,,,,,125.6250681840728,,,,,,,
12.06249345721062,,,,,,126.908665741406,,,,,,,,
17.74745494122774,,,,,,128.2641596656674,,,,,,,
23.41168174687737,,,,,,129.7329903210823,,,,,,,
29.04717394540499,,,,,,131.3665247049128,,,,,,,
34.64304778040434,,,,,,133.2315692726403,,,,,,,
40.18522885561547,,,,,,135.4195777488627,,,,,,,
45.65411875942673,,,,,,138.0611702067386,,,,,,,
51.01938812465899,,,,,,141.3497457166839,,,,,,,
56.23382899613361,,,,,,145.5833370909096,,,,,,,
61.21827998223818,,,,,,151.2341703018512,,,,,,,
65.83277576141495,,,,,,159.0535151298226,,,,,,,
69.82438824626441,,,,,,170.157899604755,,,,,,,,
72.7564837347074,,,,,,,-174.2579518218784,,,,,,
74.03388800548228,,,,,,-154.4578559331785,,,,,,
73.2711741432677,,,,,,,-134.0171189935184,,,,,,
70.70543914708304,,,,,,-117.1742025098908,,,,,,
66.92761491831816,,,,,,-104.9867904074037,,,,,,
62.43025069902541,,,,,,-96.42826637622488,,,,,,
57.50941688081055,,,,,,-90.29827416145466,,,,,,
52.32954221176121,,,,,,-85.75163178357985,,,,,,
46.98297724995395,,,,,,-82.25346345391392,,,,,,
41.52400973723479,,,,,,-79.4678202674725,,,,,,,
35.9863098457152,,,,,,,-77.17841690021244,,,,,,
30.39185110274753,,,,,,-75.24098849689773,,,,,,
24.75603785745589,,,,,,-73.55556498485507,,,,,,
19.09032181655527,,,,,,-72.0499003521191,,,,,,,
13.40355150323798,,,,,,-70.66930611331615,,,,,,
7.702914887884881,,,,,,-69.37019714139464,,,,,,
1.994800318459864,,,,,,-68.11576466770862,,,,,,
-3.715015851160797,,,,,-66.87269689823776,,,,,,
-9.420678348661394,,,,,-65.60860832678618,,,,,,
-15.11636639355689,,,,,-64.28943620738104,,,,,,
-20.79559139847673,,,,,-62.87674574540092,,,,,,
-26.45084246621398,,,,,-61.32420686781109,,,,,,
-32.07278620497488,,,,,-59.57273456478849,,,,,,
-37.64900452563888,,,,,-57.54321823580189,,,,,,
-43.16245437538718,,,,,-55.12483408206583,,,,,,
-48.58842778539827,,,,,-52.15578746783868,,,,,,
-53.88860502641384,,,,,-48.39078575002518,,,,,,
-59.00001979442359,,,,,-43.44550699959897,,,,,,
-63.81396824864527,,,,,-36.70627602141003,,,,,,
-68.13520784515251,,,,,-27.21794796743132,,,,,,
-71.6150131305954,,,,,,-13.72377066164131,,,,,,
-73.70630072573083,,,,,4.455607331418648,,,,,,,
-73.86108598194137,,,,,25.24263095641466,,,,,,,
-72.03036405481592,,,,,44.02870641772208,,,,,,,
-68.72127662894152,,,,,58.20913695817911,,,,,,,
-64.50331469673127,,,,,68.20677789329361,,,,,,,
-59.75373225018731,,,,,75.28267749549255,,,,,,,
-54.68542570922412,,,,,80.44764525368478,,,,,,,
-49.41643604592246,,,,,84.35880794589283,,,,,,,
-44.01449274158717,,,,,87.42767593583876,,,,,,,
-38.520386436961,,,,,,,89.91582429419586,,,,,,,
-32.96002247244432,,,,,91.99490258702804,,,,,,,
-27.35088961961291,,,,,93.78183681566739,,,,,,,
-21.70583984938795,,,,,95.35948679384435,,,,,,,
-16.03458214801547,,,,,96.78930035570309,,,,,,,
-10.34531264496478,,,,,98.1190044990983,,,,,,,,
-4.644562662416101,,,,,99.38796530394593,,,,,,,
1.061683944593149,,,,,,100.6306652457264,,,,,,,
6.767137663722704,,,,,,101.8794381238811,,,,,,,
12.46516554897895,,,,,,103.1670211876233,,,,,,,
18.14891868042039,,,,,,104.5292000321665,,,,,,,
23.81145529189431,,,,,,106.0079931420068,,,,,,,
29.44463742304692,,,,,,107.6556622901641,,,,,,,
35.03740989107609,,,,,,109.5404348489084,,,,,,,
40.57523303907092,,,,,,111.755933827886,,,,,,,,
46.03795313897734,,,,,,114.4363068945861,,,,,,,
51.39437706606537,,,,,,117.7807702206016,,,,,,,
56.59565903054978,,,,,,122.0970483965082,,,,,,,
61.55928130511062,,,,,,127.8730970120766,,,,,,,
66.13952646254791,,,,,,135.884523090297,,,,,,,,
70.07270749678071,,,,,,147.2714280450822,,,,,,,
72.90750122745607,,,,,,163.1949557296592,,,,,,,
74.04682797692968,,,,,,-176.8061275275889,,,,,,
73.1413589868404,,,,,,,-156.5098802408407,,,,,,
70.47012922364043,,,,,,-140.0027191384323,,,,,,
66.62790393256466,,,,,,-128.115052655736,,,,,,,
62.09299482269538,,,,,,-119.764035523424,,,,,,,
57.14979508449795,,,,,,-113.7693910371142,,,,,,
51.95599752219679,,,,,,-109.3114710326573,,,,,,
46.60032994352106,,,,,,-105.8728489899689,,,,,,
41.13514185417957,,,,,,-103.1282118309805,,,,,,
35.5930284542689,,,,,,,-100.8676505796639,,,,,,
29.99538899331045,,,,,,-98.95079308322424,,,,,,
24.35726689744264,,,,,,-97.28007482612516,,,,,,
18.68990231193872,,,,,,-95.78477253921136,,,,,,
13.0020211460816,,,,,,,-94.41116675377984,,,,,,
7.300771866414439,,,,,,-93.11628229026812,,,,,,
1.592480129639925,,,,,,-91.86364912366649,,,,,,
-4.117095566298034,,,,,-90.62009948955195,,,,,,
-9.822219956326023,,,,,-89.35318751132641,,,,,,
-15.51683498033116,,,,,-88.02868228112489,,,,,,
-21.19460469120819,,,,,-86.60766844805245,,,,,,
-26.84778807242995,,,,,-85.04312584293021,,,,,,
-32.46690541329585,,,,,-83.27482508924528,,,,,,
-38.03933179547632,,,,,-81.22184320034603,,,,,,
-43.5474639201849,,,,,,-78.77056205976142,,,,,,
-48.96595840840711,,,,,-75.75454041383088,,,,,,
-54.25517666624557,,,,,-71.9208701048298,,,,,,,
-59.34977460171545,,,,,-66.87252083020043,,,,,,
-64.13659847568634,,,,,-59.97538880534977,,,,,,
-68.41208359532801,,,,,-50.24766522308203,,,,,,
-71.81393101677796,,,,,-36.42828154423872,,,,,,
-73.78389167226553,,,,,-17.95327158273848,,,,,,
-73.79216537371349,,,,,2.846806309332102,,,,,,,
-71.83719777522897,,,,,21.34795315992003,,,,,,,
-68.44737367181227,,,,,35.19832210203906,,,,,,,
-64.18186479359443,,,,,44.94978012001013,,,,,,,
-59.40415157026814,,,,,51.86293422045231,,,,,,,
-54.31839172242361,,,,,56.92193117487361,,,,,,,
-49.03796119622906,,,,,60.76275747392597,,,,,,,
-43.62812582894634,,,,,63.78369076759937,,,,,,,
-38.12839017948771,,,,,66.23835991194368,,,,,,,
-32.56387679101785,,,,,68.29365663928522,,,,,,,
-26.95174457431395,,,,,70.06353543834254,,,,,,,
-21.30447087186009,,,,,71.62904998445302,,,,,,,
-15.63148660354038,,,,,73.05049883090339,,,,,,,
-9.940931808829159,,,,,74.37485114943605,,,,,,,
-4.239425359835571,,,,,75.64099405143438,,,,,,,
1.467193110414853,,,,,,76.88321112394469,,,,,,,
7.172495268344822,,,,,,78.13376198326279,,,,,,,
12.86987443102201,,,,,,79.42552378879797,,,,,,,
18.55258128711663,,,,,,80.79464143652122,,,,,,,
24.21349163696801,,,,,,82.28368652186751,,,,,,,
29.84434858458442,,,,,,83.94585118297512,,,,,,,
35.43376341853086,,,,,,85.85077164805777,,,,,,,
40.96712444249199,,,,,,88.09445477210416,,,,,,,
46.42362891651737,,,,,,90.8147175077405,,,,,,,,
51.77094313669994,,,,,,94.21671540810287,,,,,,,
56.95854555857423,,,,,,98.6182466258041,,,,,,,,
61.90069941527683,,,,,,104.5239382636732,,,,,,,
66.44529345051897,,,,,,112.7340554902348,,,,,,,
70.31753734507474,,,,,,124.4112043980634,,,,,,,
73.0514896919026,,,,,,,140.6748398392912,,,,,,,
74.05018472209171,,,,,,160.8533484578702,,,,,,,
73.0029661385859,,,,,,,-179.0173190638676,,,,,,
70.22895955986,,,,,,,,,-162.8499214638563,,,,,,
66.32439958568071,,,,,,-151.2568644124953,,,,,,
61.75324286866505,,,,,,-143.108423941078,,,,,,,
56.78850793184195,,,,,,-137.2459052192579,,,,,,
51.58121572539728,,,,,,-132.874657925079,,,,,,,
46.2167590981313,,,,,,,-129.4943730090177,,,,,,
40.74571731414823,,,,,,-126.7900648852913,,,,,,
35.19952000600616,,,,,,-124.557929430216,,,,,,,
29.5990265311641,,,,,,,-122.6613880486719,,,,,,
23.95866739767617,,,,,,-121.0051478843291,,,,,,
18.28972371541413,,,,,,-119.5200547363734,,,,,,
12.6007755741394,,,,,,,-118.1533246604028,,,,,,
6.898907085347044,,,,,,-116.8625696010454,,,,,,
1.190359808608554,,,,,,-115.6116413668692,,,,,,
-4.519043168432541,,,,,-114.367522877678,,,,,,,
-10.2235761154808,,,,,,-113.0977213412622,,,,,,
-15.91726625879229,,,,,-111.7677522297783,,,,,,
-21.59352365645864,,,,,-110.3382986729704,,,,,,
-27.24461744032675,,,,,-108.761572186299,,,,,,,
-32.86095878200435,,,,,-106.9761471523307,,,,,,
-38.42934869808271,,,,,-104.8993636233491,,,,,,
-43.93201653551465,,,,,-102.4145859226144,,,,,,
-49.34286525390312,,,,,-99.35059720197965,,,,,,
-54.62090812394528,,,,,-95.44657513710902,,,,,,
-59.69829611406549,,,,,-90.29231509225164,,,,,,
-64.45719242477554,,,,,-83.23267233711542,,,,,,
-68.68537640926539,,,,,-73.25907532313505,,,,,,
-72.0066939921698,,,,,,-59.10998832151966,,,,,,
-73.85255696717813,,,,,-40.34987446912837,,,,,,
-73.71430261584405,,,,,-19.56097273143975,,,,,,
-71.63786248997923,,,,,-1.355427223154609,,,,,,
-68.16999992505127,,,,,12.16901663764313,,,,,,,
-63.85850223372666,,,,,21.68091353174487,,,,,,,
-59.05342399853608,,,,,28.43608200333311,,,,,,,
-53.95061860572672,,,,,33.39199250253447,,,,,,,
-48.6589449235217,,,,,,37.16422270692544,,,,,,,
-43.24129760807351,,,,,40.13829152589305,,,,,,,
-37.73591587911092,,,,,42.56017150374101,,,,,,,
-32.1673428588504,,,,,,44.59209005583721,,,,,,,
-26.55242392624375,,,,,46.3451434589153,,,,,,,,
-20.90306413595887,,,,,47.89869592117208,,,,,,,
-15.2284828647733,,,,,,49.31190463882541,,,,,,,
-9.536686661085042,,,,,50.63101779112733,,,,,,,
-3.834350673491161,,,,,51.89446161357525,,,,,,,
1.872510442867663,,,,,,53.13626165007806,,,,,,,
7.577439938704893,,,,,,54.38863633374871,,,,,,,
13.27424147938473,,,,,,55.6846974645636,,,,,,,,
18.9558346707951,,,,,,,57.06086553358325,,,,,,,
24.61515106191567,,,,,,58.56034060012362,,,,,,,
30.24357911436679,,,,,,60.23720796383638,,,,,,,
35.82950058473752,,,,,,62.16257585431657,,,,,,,
41.35809175333977,,,,,,64.43483871170483,,,,,,,
46.80801258272031,,,,,,67.19561521113812,,,,,,,
52.1461322000257,,,,,,,70.65643300415306,,,,,,,
57.31982471752961,,,,,,75.145364492909,,,,,,,,,
62.23987128127263,,,,,,81.18410219688728,,,,,,,
66.74778851234713,,,,,,89.59846266389289,,,,,,,
70.55708078474994,,,,,,101.5718648074948,,,,,,,
73.1872578275257,,,,,,,118.1723361646868,,,,,,,
74.044014029929,,,,,,,,138.5088443338246,,,,,,,
72.85729913727609,,,,,,158.4512945955223,,,,,,,
69.98395526808976,,,,,,174.2785881893859,,,,,,,
66.01939239242319,,,,,,-174.4153233797168,,,,,,
61.41323732906576,,,,,,-166.462919510968,,,,,,,
56.42741084470381,,,,,,-160.7281341234366,,,,,,
51.20681031961929,,,,,,-156.4409666935464,,,,,,
45.83356763246928,,,,,,-153.1174383965871,,,,,,
40.35645743103623,,,,,,-150.4524239549137,,,,,,
34.80602304621401,,,,,,-148.2480965415014,,,,,,
29.20251167631803,,,,,,-146.3714745072152,,,,,,
23.56011623688703,,,,,,-144.7295527105745,,,,,,
17.88961092570277,,,,,,-143.2545275553631,,,,,,
12.19961303594869,,,,,,-141.8945792540618,,,,,,
6.497113583210328,,,,,,-140.6078821999824,,,,,,
0.7883981750169055,,,,,-139.3586254126544,,,,,,
-4.920829507147607,,,,,-138.1138919630544,,,,,,
-10.62481150923139,,,,,-136.8411412917811,,,,,,
-16.3175006013895,,,,,,-135.5056606319287,,,,,,
-21.99229022741243,,,,,-134.0676609967464,,,,,,
-27.64129960347282,,,,,-132.4786011756174,,,,,,
-33.25448653360277,,,,,-130.6759462079168,,,,,,
-38.81866399406732,,,,,-128.5750763830364,,,,,,
-44.31563472563277,,,,,-126.0563378435516,,,,,,
-49.71851132633302,,,,,-122.9436206870863,,,,,,
-54.98492283889282,,,,,-118.9679720310625,,,,,,
-60.04454898733778,,,,,-113.7055249922751,,,,,,
-64.77462897917559,,,,,-106.4796322252606,,,,,,
-68.95400965836269,,,,,-96.25511122551089,,,,,,
-72.19243226655256,,,,,-81.77478447208362,,,,,,
-73.91223203174508,,,,,-62.74306003544672,,,,,,
-73.62854632085514,,,,,-41.98918840069289,,,,,,
-71.43407939408864,,,,,-24.08603575832379,,,,,,
-67.89114640728526,,,,,-10.88095204194309,,,,,,
-63.53561854356018,,,,,-1.601309690592063,,,,,,
-58.70424900570586,,,,,5.001123533971759,,,,,,,
-53.58498742821428,,,,,9.857241827572302,,,,,,,
-48.28250672956261,,,,,13.56283393609412,,,,,,,
-42.85743978207719,,,,,16.49120960445636,,,,,,,
-37.34675790040691,,,,,18.88102874847294,,,,,,,
-31.77437517265525,,,,,20.89005329066969,,,,,,,
-26.156694619034,,,,,,,22.62665274691832,,,,,,,
-20.50543498616577,,,,,24.16844470498593,,,,,,,
-14.82951235453922,,,,,25.5735229031124,,,,,,,,
-9.136700100574435,,,,,26.88746545249248,,,,,,,
-3.433771615006244,,,,,28.14824365446744,,,,,,,
2.273099010338098,,,,,,29.38963916077836,,,,,,,
7.97754771103193,,,,,,,30.64386336111483,,,,,,,
13.67361054129655,,,,,,31.94423170013224,,,,,,,
19.35399308525172,,,,,,33.32747526994246,,,,,,,
25.011574972599,,,,,,,,34.83740725311089,,,,,,,
30.63747519974877,,,,,,36.52904311587552,,,,,,,
36.21984583920907,,,,,,38.47499274499355,,,,,,,
41.74359433621213,,,,,,40.77606722085255,,,,,,,
47.18683788897782,,,,,,43.57776679090566,,,,,,,
52.51561305875792,,,,,,47.09812809189913,,,,,,,
57.6751720135343,,,,,,,51.6757624684027,,,,,,,,
62.57271267338353,,,,,,57.84981292358023,,,,,,,
67.04293710975645,,,,,,66.47129690923538,,,,,,,
70.78776564208908,,,,,,78.74285983644972,,,,,,,
73.31256911129481,,,,,,95.67286279358082,,,,,,,
74.02780609790796,,,,,,116.143497350315,,,,,,,,
72.70542595610419,,,,,,135.8821214772386,,,,,,,
69.73712328757097,,,,,,151.3731620239435,,,,,,,
65.71549237652575,,,,,,162.4024964563345,,,,,,,
61.0757963137115,,,,,,,170.1673573321954,,,,,,,
56.06960940382165,,,,,,175.779883582602,,,,,,,,
50.8359278208053,,,,,,,179.9864812748016,,,,,,,
45.45391514464843,,,,,,-176.7445174340491,,,,,,
39.97063988551788,,,,,,-174.1173396935806,,,,,,
34.41575389127433,,,,,,-171.939816464259,,,,,,,
28.80898506210257,,,,,,-170.0824173383436,,,,,,
23.16415786173388,,,,,,-168.454275650406,,,,,,,
17.49195404639359,,,,,,-166.9889828262227,,,,,,
11.80081321489551,,,,,,-165.6355709728147,,,,,,
6.097669066570234,,,,,,-164.3527555533639,,,,,,
0.3886587549245492,,,,,-163.1050006413253,,,,,,
-5.320356476956705,,,,,-161.8595355635867,,,,,,
-11.02369106531532,,,,,-160.5837376778612,,,,,,
-16.71532851112072,,,,,-159.2426309892085,,,,,,
-22.38854353405059,,,,,-157.7959649443426,,,,,,
-28.03539273944522,,,,,-156.1944048342944,,,,,,
-33.64543506328233,,,,,-154.3742559664522,,,,,,
-39.20529447038664,,,,,-152.2489545171331,,,,,,
-44.69647724268741,,,,,-149.6956990119044,,,,,,
-50.09120066356638,,,,,-146.533388221782,,,,,,,
-55.34573990749865,,,,,-142.4846544284988,,,,,,
-60.38705566619058,,,,,-137.1117379625528,,,,,,
-65.0874679195271,,,,,,-129.715894514974,,,,,,,
-69.21645745095135,,,,,-119.2361288744015,,,,,,
-72.36969166734242,,,,,-104.4247836544252,,,,,,
-73.96183824625861,,,,,-85.13760595662622,,,,,,
-73.53444919619203,,,,,-64.44337018510755,,,,,,
-71.22595004857169,,,,,-46.84857201034475,,,,,,
-67.61122495896498,,,,,-33.95530577356336,,,,,,
-63.21363529115574,,,,,-24.89965310199223,,,,,,
-58.35732541250803,,,,,-18.44448143957229,,,,,,
-53.2225459715261,,,,,,-13.68468984913059,,,,,,
-47.90988310525788,,,,,-10.0434948505545,,,,,,,
-42.47783858812553,,,,,-7.159345567396009,,,,,,
-36.96223131125444,,,,,-4.800624807286256,,,,,,
-31.38619387224945,,,,,-2.813789607963787,,,,,,
-25.76572418884467,,,,,-1.093116044570128,,,,,,
-20.11245558925115,,,,,0.4373036462312392,,,,,,
-14.4351110711362,,,,,,1.834521813011751,,,,,,,
-8.741500029349917,,,,,3.143424142971197,,,,,,,
-3.038130457395331,,,,,4.401637424315912,,,,,,,
2.668781918291605,,,,,,5.642738426126995,,,,,,,
8.37286246452128,,,,,,,6.898922493879162,,,,,,,
14.06799983614959,,,,,,8.203635576069868,,,,,,,
19.74699719499513,,,,,,9.593996952200271,,,,,,,
25.4027009726187,,,,,,,11.11445060399606,,,,,,,
31.02606523732268,,,,,,12.82099541716094,,,,,,,
36.60502001038881,,,,,,14.78779583945036,,,,,,,
42.12402459348189,,,,,,17.11808832348288,,,,,,,
47.56066991296089,,,,,,19.9613710480444,,,,,,,,
52.87978132671837,,,,,,23.54211354103245,,,,,,,
58.02471090411796,,,,,,28.2097856813041,,,,,,,,
62.89905326980228,,,,,,34.52133443567724,,,,,,,
67.3306826127146,,,,,,,43.3533962974381,,,,,,,,
71.00943057135663,,,,,,55.92509802134245,,,,,,,
73.42710769245905,,,,,,73.17602167349435,,,,,,,
74.00131095503393,,,,,,93.75639860871377,,,,,,,
72.54697842699696,,,,,,113.2759008909568,,,,,,,
69.48778205698329,,,,,,128.4348621956054,,,,,,,
65.41187483570833,,,,,,139.1967891047062,,,,,,,
60.74017579481861,,,,,,146.7817294497841,,,,,,,
55.71434603472865,,,,,,152.2771404326755,,,,,,,
50.46802329992232,,,,,,156.4063740514675,,,,,,,
45.07736539130465,,,,,,159.6229949487027,,,,,,,
39.58801940964245,,,,,,162.2137403958974,,,,,,,
34.0286698960888,,,,,,,164.3654525802754,,,,,,,
28.41855240859676,,,,,,166.2043588899895,,,,,,,
22.77133486720172,,,,,,167.8192259027189,,,,,,,
17.09760473706794,,,,,,169.2751435270463,,,,,,,
11.40552934499476,,,,,,170.6222942805702,,,,,,,
5.701864014131385,,,,,,171.9014728200647,,,,,,,
-0.007236698367927827,,173.1479190975506,,,,,,,
-5.715989821729251,,,,,174.3943223816907,,,,,,,
-11.41865806766472,,,,,175.6733732397901,,,,,,,
-17.10916748052148,,,,,177.0203039534283,,,,,,,
-22.78080291096882,,,,,178.4758733407467,,,,,,,
-28.42543160310736,,,,,-179.9098011631321,,,,,,
-34.03259633011817,,,,,-178.0717058563417,,,,,,
-39.5885028013687,,,,,,-175.9213102889745,,,,,,
-45.07408475897739,,,,,-173.3326590842557,,,,,,
-50.46081469610022,,,,,-170.1194045295148,,,,,,
-55.70342824097758,,,,,-165.995540315,,,,,,,,,,
-60.72611255407319,,,,,-160.5089109822785,,,,,,
-65.39595552884661,,,,,-152.9382989826777,,,,,,
-69.47282269732517,,,,,-142.1973975729677,,,,,,
-72.53817422023904,,,,,-127.0540636969427,,,,,,
-74.00050138800073,,,,,-107.5284245598789,,,,,,
-73.43061802607859,,,,,-86.91874463567942,,,,,,
-71.01146314632464,,,,,-69.63882094360449,,,,,,
-67.32779164728892,,,,,-57.05155473434218,,,,,,
-62.88997105950508,,,,,-48.21322030932475,,,,,,
-58.00969782127121,,,,,-41.90038498505294,,,,,,
-52.86003901108179,,,,,-37.23380791135077,,,,,,
-47.53769631501193,,,,,-33.6550552230972,,,,,,,
-42.09906167997953,,,,,-30.8138393694909,,,,,,,
-36.5788329770696,,,,,,-28.48532555141675,,,,,,
-30.999512110614,,,,,,,-26.52008449940805,,,,,,
-25.37654683510886,,,,,-24.81488819045535,,,,,,
-19.72134727537527,,,,,-23.29545305214229,,,,,,
-14.0428387953207,,,,,,-21.90583757403669,,,,,,
-8.348682645764157,,,,,-20.60177209913815,,,,,,
-2.645191175563421,,,,,-19.34597338007157,,,,,,
3.061693625694811,,,,,,-18.10498823116467,,,,,,
8.765368100246096,,,,,,-16.8466727852013,,,,,,,
14.459263753501,,,,,,,,-15.53751010918379,,,,,,
20.13658891552942,,,,,,-14.13991530484299,,,,,,
25.79001866664763,,,,,,-12.60883858848573,,,,,,
31.4107072067642,,,,,,,-10.88717313137183,,,,,,
36.98605253174568,,,,,,-8.8992507274452,,,,,,,,
42.50028307566157,,,,,,-6.5392602845457,,,,,,,,
47.93024180619116,,,,,,-3.653672142191316,,,,,,
53.23927698131159,,,,,,-0.01159989064290332,,,,
58.36908626004593,,,,,,4.747692192088643,,,,,,,
63.21950163964691,,,,,,11.1992544778636,,,,,,,,
67.61123575080047,,,,,,20.24496586821573,,,,,,,
71.22207903924379,,,,,,33.11801315679821,,,,,,,
73.53094356979958,,,,,,50.68048290059862,,,,,,,
73.96475664305666,,,,,,71.34615410542538,,,,,,,
72.38227314272615,,,,,,90.63210520799129,,,,,,,
69.23606994838691,,,,,,105.4640129678566,,,,,,,
65.10842153416736,,,,,,115.9678738253076,,,,,,,
60.40624063359533,,,,,,123.3799944436155,,,,,,,
55.36173951904203,,,,,,128.7628927745298,,,,,,,
50.10340144209056,,,,,,132.8177396057596,,,,,,,
44.70460742027092,,,,,,135.9839037960785,,,,,,,
39.20948092468706,,,,,,138.5395792792626,,,,,,,
33.64596521400681,,,,,,140.6664197219269,,,,,,,
28.03275471662252,,,,,,142.487524978283,,,,,,,,
22.38349179868559,,,,,,144.0896149679957,,,,,,,
16.70826920416471,,,,,,145.5366216772852,,,,,,,
11.01520927822746,,,,,,146.8779088366234,,,,,,,
5.311112722609439,,,,,,148.1537579601177,,,,,,,
-0.3980207440940942,,,,149.3991732362052,,,,,,,
-6.106418564176027,,,,,150.6467622107444,,,,,,,
-11.80841109469458,,,,,151.9293225109022,,,,,,,
-17.4978242416738,,,,,,153.2823478911046,,,,,,,
-23.16786976162549,,,,,154.7471015784901,,,,,,,
-28.810396213816,,,,,,,156.3745536082386,,,,,,,
-34.41483406268213,,,,,158.2310544891116,,,,,,,
-39.96692405780006,,,,,160.4071481961911,,,,,,,
-45.44707522496806,,,,,163.0320724970959,,,,,,,
-50.8259304449986,,,,,,166.2975777741629,,,,,,,
-56.05656551108999,,,,,170.4985523608763,,,,,,,
-61.060315545046,,,,,,,176.1020125329657,,,,,,,
-65.69867464504053,,,,,-176.1481735603972,,,,,,
-69.72169896585461,,,,,-165.1412368346713,,,,,,
-72.69665994699125,,,,,-149.6670758392974,,,,,,
-74.02756659496035,,,,,-129.9215999800941,,,,,,
-73.31694685926315,,,,,-109.4201915680887,,,,,,
-70.7908146535753,,,,,,-92.46011356412193,,,,,,
-67.04111886423405,,,,,-80.172090199736,,,,,,,,
-62.56475809304881,,,,,-71.54374785857017,,,,,,
-57.66151347940388,,,,,-65.36817834576556,,,,,,
-52.49748954329988,,,,,-60.79146187609232,,,,,,
-47.16573044459608,,,,,-57.27294252514276,,,,,,
-41.72077750147294,,,,,-54.47322838275905,,,,,,
-36.19615524566694,,,,,-52.17391894545263,,,,,,
-30.61371603695683,,,,,-50.2295247361072,,,,,,,
-24.98838504791044,,,,,-48.53922838834452,,,,,,
-19.33141740350218,,,,,-47.03032751058702,,,,,,
-13.65192546372827,,,,,-45.6479448130404,,,,,,,
-7.957355088996975,,,,,-44.34838617607327,,,,,,
-2.253883244970174,,,,,-43.09470852819541,,,,,,
3.452789338380311,,,,,,-41.85357492694381,,,,,,
9.155926777279591,,,,,,-40.59285957501012,,,,,,
14.84847939716353,,,,,,-39.27896767140039,,,,,,
20.52401953911467,,,,,,-37.8738428129215,,,,,,,
26.17510117813337,,,,,,-36.33179612349209,,,,,,
31.7927765763312,,,,,,,-34.59467680979701,,,,,,
37.36441691162445,,,,,,-32.58511437817549,,,,,,
42.8736882128315,,,,,,,-30.19475429055219,,,,,,
48.29645529725905,,,,,,-27.26606644374407,,,,,,
53.59513170233603,,,,,,-23.56125636657189,,,,,,
58.7093333590657,,,,,,,-18.70820350351973,,,,,,
63.53507130626611,,,,,,-12.11326866173859,,,,,,
67.88560045390933,,,,,,-2.849390894850043,,,,,,
71.42635180253694,,,,,,10.3272721735414,,,,,,,,
73.62415759121937,,,,,,28.19108592343121,,,,,,,
73.91788791997021,,,,,,48.91668356685695,,,,,,,
72.21064545963704,,,,,,67.95542651474612,,,,,,,
68.98131994197699,,,,,,82.46320501872064,,,,,,,
64.80468882059185,,,,,,92.71676841812015,,,,,,,
60.07362852287321,,,,,,99.962592406917,,,,,,,,,
55.01145783043221,,,,,,105.2373393892643,,,,,,,
49.74167543398926,,,,,,109.2207130652216,,,,,,,
44.33519945397941,,,,,,112.3383211561294,,,,,,,
38.8346976369506,,,,,,,114.8602124798503,,,,,,,
33.26730629410918,,,,,,116.9631204747276,,,,,,,
27.65125365612627,,,,,,118.7671222379763,,,,,,,
21.99999138683321,,,,,,120.3570206869144,,,,,,,
16.32342934174646,,,,,,121.7955534811422,,,,,,,
10.62949716743088,,,,,,123.1313443751163,,,,,,,
4.924871653949553,,,,,,124.4042226959535,,,,,,,
-0.7843898340353808,,,,125.6489270205555,,,,,,,
-6.492562405121428,,,,,126.8980086393211,,,,,,,
-12.19386988049099,,,,,128.1843484043877,,,,,,,
-17.88221028513999,,,,,129.5437536761522,,,,,,,
-23.55066781659504,,,,,131.0179960814921,,,,,,,
-29.19092350757041,,,,,132.6588739230686,,,,,,,
-34.79244248019336,,,,,134.534137739086,,,,,,,,
-40.34062377385977,,,,,136.736440800905,,,,,,,,
-45.81524746409614,,,,,139.3983611888594,,,,,,,
-51.18595481440197,,,,,142.7171003217748,,,,,,,
-56.40435165573016,,,,,146.9968065082392,,,,,,,
-61.38845989727439,,,,,152.7193212301302,,,,,,,
-65.99424250510347,,,,,160.6514328140252,,,,,,,
-69.96180602797897,,,,,171.9272186515801,,,,,,,
-72.84431346843272,,,,,-172.2724685919459,,,,,,
-74.04321232045324,,,,,-152.3291197841364,,,,,,
-73.19490730972326,,,,,-131.9587018526954,,,,,,
-70.5663342356997,,,,,,-115.3197415795642,,,,,,
-66.75403014398222,,,,,-103.3218042001851,,,,,,
-62.24114089862062,,,,,-94.89475564714141,,,,,,
-57.31603957037785,,,,,-88.85040801192153,,,,,,
-52.13822054111813,,,,,-84.35956768038537,,,,,,
-46.79738862255367,,,,,-80.89868287168794,,,,,,
-41.34616556712011,,,,,-78.13863405870636,,,,,,
-35.8172111026682,,,,,,-75.86727115602625,,,,,,
-30.23154597541379,,,,,-73.94276121497421,,,,,,
-24.60398771634827,,,,,-72.26670658423134,,,,,,
-18.94541896026855,,,,,-70.76782778084657,,,,,,
-13.26496497536207,,,,,-69.39222325342037,,,,,,
-7.569818836213664,,,,,-68.09674283332532,,,,,,
-1.866134920858333,,,,,-66.84478853092251,,,,,,
3.8402901884239,,,,,,,,-65.60319297672886,,,,,,
9.542699668307216,,,,,,-64.33981028838295,,,,,,
15.23410634730966,,,,,,-63.02083197544115,,,,,,
20.90794236807879,,,,,,-61.60782539261056,,,,,,
26.55677464877128,,,,,,-60.05440892037221,,,,,,
32.17150757928685,,,,,,-58.30136794703257,,,,,,
37.73935948782322,,,,,,-56.26962991913833,,,,,,
43.2434249763072,,,,,,,-53.84825437264332,,,,,,
48.65896365339117,,,,,,-50.87541007629691,,,,,,
53.94720258110538,,,,,,-47.10624417603496,,,,,,
59.04557759097536,,,,,,-42.15687535661875,,,,,,
63.84594659079615,,,,,,-35.41481143713371,,,,,,
68.15398550226068,,,,,,-25.92767286747237,,,,,,
71.6224848963715,,,,,,,-12.44423699817295,,,,,,
73.16233183850598,,,,,,-1.248030539428171,,,,,,
