sat_9.Earth.Latitude,,,sat_9.Earth.Longitude,,,
0.09291946229119241,,,,-132.2638780488319,,,,,,
3.663916192336135,,,,,,-131.8943867303161,,,,,,
9.011272229788553,,,,,,-131.3302278778831,,,,,,
14.81454321290706,,,,,,-130.685244999581,,,,,,,
20.65990115850438,,,,,,-129.9764651141015,,,,,,
26.49823098139688,,,,,,-129.1781640315363,,,,,,
32.32003196033044,,,,,,-128.2514600347735,,,,,,
38.11937956135564,,,,,,-127.1423579196676,,,,,,
43.88892074926116,,,,,,-125.772762760151,,,,,,,
49.61790065696777,,,,,,-124.0236629188302,,,,,,
55.2889487667207,,,,,,,-121.7030711710029,,,,,,
60.87160279089643,,,,,,-118.4806102957007,,,,,,
66.30809964751661,,,,,,-113.74328391408,,,,,,,,
71.47591740496905,,,,,,-106.2576834243103,,,,,,
76.08095660590925,,,,,,-93.40960202952715,,,,,,
79.37384002018615,,,,,,-70.55767896618589,,,,,,
79.97386815459883,,,,,,-37.91261772307113,,,,,,
77.49119367163749,,,,,,-10.66542536248785,,,,,,
73.24548521544119,,,,,,5.197037040127459,,,,,,,
68.2454228993426,,,,,,,14.2065234518224,,,,,,,,
62.90446649242781,,,,,,19.73845932948659,,,,,,,
57.3883290721754,,,,,,,23.40807353451761,,,,,,,
51.77120678204273,,,,,,25.99745818520231,,,,,,,
46.09039955513042,,,,,,27.91592472333749,,,,,,,
40.36648951241326,,,,,,29.39516892491332,,,,,,,
34.61218312594787,,,,,,30.57557025414948,,,,,,,
28.83591999299525,,,,,,31.54746776022504,,,,,,,
23.04371907696101,,,,,,32.37224046531115,,,,,,,
17.23981624461458,,,,,,33.09387052025102,,,,,,,
11.42777022102451,,,,,,33.74557076861269,,,,,,,
5.610434509780578,,,,,,34.35400204184076,,,,,,,
-0.2095710169014415,,,,34.94203747682079,,,,,,,
-6.029668804155117,,,,,35.53083790742527,,,,,,,
-11.84755502336078,,,,,36.14166009902787,,,,,,,
-17.66061577461079,,,,,36.79759733949562,,,,,,,
-23.46596659830617,,,,,37.5257201120343,,,,,,,,
-29.26028352245514,,,,,38.3599704537881,,,,,,,,
-35.03937898905757,,,,,39.34549845073908,,,,,,,
-40.79749950615996,,,,,40.54568490035684,,,,,,,
-46.52637462887632,,,,,42.05433344149905,,,,,,,
-52.21297242618154,,,,,44.01800914673372,,,,,,,
-57.83538852858236,,,,,46.68001512950122,,,,,,,
-63.35377115210886,,,,,50.47338450864353,,,,,,,
-68.68808577548951,,,,,56.23234508170582,,,,,,,
-73.65836882695484,,,,,65.69303403542102,,,,,,,
-77.81142928209215,,,,,82.45856550417403,,,,,,,
-80.06221746206386,,,,,110.8463908456382,,,,,,,
-79.15069129894232,,,,,143.1606833154838,,,,,,,
-75.66431628310896,,,,,164.8964320844341,,,,,,,
-70.96526381959664,,,,,177.057624881843,,,,,,,,
-65.74467296344895,,,,,-175.8107854427,,,,,,,,,
-60.27260400490447,,,,,-171.2662440026579,,,,,,
-54.6624636117233,,,,,,-168.1573580384438,,,,,,
-48.96808695226991,,,,,-165.9082610212367,,,,,,
-43.21808493362052,,,,,-164.206507276949,,,,,,,
-37.42906200453827,,,,,-162.8694556854207,,,,,,
-31.61169140283414,,,,,-161.7832917541824,,,,,,
-25.77397187375299,,,,,-160.8729977485313,,,,,,
-19.92180730869977,,,,,-160.0863177678492,,,,,,
-14.0597244044079,,,,,,-159.3848630489911,,,,,,
-8.19140079788543,,,,,,-158.7387816933565,,,,,,
-3.646072038522434,,,,,-158.2607994721441,,,,,,
