sat_3.Earth.Latitude,,,sat_3.Earth.Longitude,,,
-31.53196770942964,,,,,140.9759699829299,,,,,,,
-34.69085917422078,,,,,143.2674802940655,,,,,,,
-39.24232193454603,,,,,147.0229024998819,,,,,,,
-43.81501006335325,,,,,151.544190283747,,,,,,,,
-48.15999186361725,,,,,156.879998774952,,,,,,,,
-52.16769717408656,,,,,163.2281184273737,,,,,,,
-55.71500110070013,,,,,170.8172020729739,,,,,,,
-58.64557459811353,,,,,179.8371065882237,,,,,,,
-60.77409922157025,,,,,-169.6866409242525,,,,,,
-61.91831107770341,,,,,-158.0534419174498,,,,,,
-61.95778343601329,,,,,-145.9503522166138,,,,,,
-60.88786363763505,,,,,-134.256799896133,,,,,,,
-58.82202477328271,,,,,-123.6836055144302,,,,,,
-55.94023598465022,,,,,-114.5580868219115,,,,,,
-52.42901102994303,,,,,-106.8725768936557,,,,,,
-48.44706059269796,,,,,-100.4438069963095,,,,,,
-44.11658469066795,,,,,-95.03982450162506,,,,,,
-39.5276207857354,,,,,,-90.44342513573717,,,,,,
-34.74575610605562,,,,,-86.47279039331991,,,,,,
-29.82098444353532,,,,,-82.98362755656945,,,,,,
-24.78965716850751,,,,,-79.86070752089786,,,,,,
-19.67950411496049,,,,,-77.01236876588642,,,,,,
-14.51248210037913,,,,,-74.36443201535567,,,,,,
-9.306801625505583,,,,,-71.85517628815971,,,,,,
-4.078152259502502,,,,,-69.43119439527253,,,,,,
1.159442827017157,,,,,,-67.04399961366813,,,,,,
6.392409982560311,,,,,,-64.64734305293315,,,,,,
11.60721968769144,,,,,,-62.19439449261905,,,,,,
16.78949987185837,,,,,,-59.63508277693123,,,,,,
21.92313127623036,,,,,,-56.91308056666939,,,,,,
26.98917675471384,,,,,,-53.96216290214955,,,,,,
31.96413294319511,,,,,,-50.7018520403661,,,,,,,
36.81794008252119,,,,,,-47.03173739084612,,,,,,
41.51078669566738,,,,,,-42.82482580077095,,,,,,
45.98853700651415,,,,,,-37.92070904972646,,,,,,
50.17652589633012,,,,,,-32.12162831880813,,,,,,
53.97225239440588,,,,,,-25.19897389491911,,,,,,
57.2379370496716,,,,,,,-16.92871355010854,,,,,,
59.80014341073749,,,,,,-7.180013216755444,,,,,,
61.4677075673757,,,,,,,3.933860269755959,,,,,,,
62.07867595330765,,,,,,15.91729270637143,,,,,,,
61.5635464113265,,,,,,,27.94445117534373,,,,,,,
59.97885115832143,,,,,,39.17132167286877,,,,,,,
57.47927390007818,,,,,,49.06326378615523,,,,,,,
54.25520517623801,,,,,,57.47418027348852,,,,,,,
50.4829588932279,,,,,,,64.51859204054404,,,,,,,
46.30417758580393,,,,,,70.4165783436716,,,,,,,,
42.57943767482803,,,,,,74.63251939885883,,,,,,,
