sat_4.Earth.Latitude,,,sat_4.Earth.Longitude,,,
-0.1184967093539381,,,,64.09973004098325,,,,,,,
3.450580161899867,,,,,,64.48004500577279,,,,,,,
8.795116547850652,,,,,,65.06004380041159,,,,,,,
14.59535098864773,,,,,,65.72195623989708,,,,,,,
20.43760811288719,,,,,,66.44777563993007,,,,,,,
26.27271983619339,,,,,,67.26332780202441,,,,,,,
32.09109732826123,,,,,,68.20767960309361,,,,,,,
37.88670513889348,,,,,,69.33495927625634,,,,,,,
43.65205059663091,,,,,,70.72324473826571,,,,,,,
49.37620151190777,,,,,,72.49115786849435,,,,,,,
55.04156779756641,,,,,,74.8293431871236,,,,,,,,
60.61745192615181,,,,,,78.0642820320098,,,,,,,,
66.04601451553459,,,,,,82.79776267881444,,,,,,,
71.20567848819091,,,,,,90.22945034898953,,,,,,,
75.80837797055516,,,,,,102.8704439077672,,,,,,,
79.13108700963755,,,,,,125.1435652354353,,,,,,,
79.83768313425006,,,,,,157.1190897862161,,,,,,,
77.48105881171914,,,,,,-175.5334434808676,,,,,,
73.31343272585876,,,,,,-159.322007316167,,,,,,,
68.35675365045761,,,,,,-150.058929671506,,,,,,,
63.0418730628378,,,,,,,-144.3632395819686,,,,,,
57.54297510583923,,,,,,-140.5840775432991,,,,,,
51.93820021030433,,,,,,-137.9171960919396,,,,,,
46.26681759511491,,,,,,-135.9409674190556,,,,,,
40.5504727836076,,,,,,,-134.4166896340402,,,,,,
34.80248669046504,,,,,,-133.1998089229963,,,,,,
29.03167526355537,,,,,,-132.1973738268707,,,,,,
23.24430001648226,,,,,,-131.3462941959508,,,,,,
17.44476117679374,,,,,,-130.6014176337339,,,,,,
11.63673446420619,,,,,,-129.9287002784185,,,,,,
5.823162038949086,,,,,,-129.3008666689168,,,,,,
0.006735759370816004,,,-128.694571575464,,,,,,,
-5.809903536285201,,,,,-128.0882768352788,,,,,,
-11.62439146995363,,,,,-127.4604108712954,,,,,,
-17.43405195832771,,,,,-126.7876094903367,,,,,,
-23.23593237661536,,,,,-126.0425638085427,,,,,,
-29.02663009030796,,,,,-125.1911256360943,,,,,,
-34.8018630777398,,,,,,-124.1879888608487,,,,,,
-40.55576091828578,,,,,-122.9697218256747,,,,,,
-46.27990556122874,,,,,-121.442716075606,,,,,,,
-51.96107990436911,,,,,-119.4612078929198,,,,,,
-57.57716368069366,,,,,-116.7842535788205,,,,,,
-63.08813479409379,,,,,-112.9854345655328,,,,,,
-68.41422467104714,,,,,-107.2496690778991,,,,,,
-73.37800973784871,,,,,-97.89912434423648,,,,,,
-77.53930304676994,,,,,-81.4958336723174,,,,,,,
-79.85578834139037,,,,,-53.86742517985474,,,,,,
-79.07931130538238,,,,,-21.89084779173363,,,,,,
-75.70162995034572,,,,,0.1663038564571236,,,,,,
-71.06331784238934,,,,,12.65289794324883,,,,,,,
-65.8772156468893,,,,,,19.99790180222006,,,,,,,
-60.42667900814164,,,,,24.68093079103258,,,,,,,
-54.83122164066842,,,,,27.88452007535442,,,,,,,
-49.14759120966734,,,,,30.20212348357481,,,,,,,
-43.40590371354195,,,,,31.95595108875291,,,,,,,
-37.62360258788483,,,,,33.33429321980528,,,,,,,
-31.81185943265384,,,,,34.45439849860011,,,,,,,
-25.97898523161651,,,,,35.39347275359856,,,,,,,
-20.13108994998556,,,,,36.20523230893122,,,,,,,
-14.27284330678927,,,,,36.92908163353724,,,,,,,
-8.408027957427075,,,,,37.59560717599322,,,,,,,
-3.865242828643647,,,,,38.08843263167824,,,,,,,
