sat_10.Earth.Latitude,,,sat_10.Earth.Longitude,,,
0.1344741021377837,,,,,,-99.5366379447232,,,,,,,,
3.704740440093526,,,,,,,-99.16300033649601,,,,,,,
9.050971906618015,,,,,,,-98.59245522481224,,,,,,,
14.85295973647295,,,,,,,-97.94017561894178,,,,,,,
20.69692993538899,,,,,,,-97.2234791891359,,,,,,,,
26.53374017145343,,,,,,,-96.41646315217031,,,,,,,
32.35384176717766,,,,,,,-95.47994118391424,,,,,,,
38.15124095566597,,,,,,,-94.35948397712994,,,,,,,
43.91848165971815,,,,,,,-92.97636291718133,,,,,,,
49.64464807274482,,,,,,,-91.21060347091544,,,,,,,
55.31210466174326,,,,,,,-88.86869537041711,,,,,,,
60.88992580519524,,,,,,,-85.61776960263755,,,,,,,
66.31948178057947,,,,,,,-80.84073515349239,,,,,,,
71.47652770019934,,,,,,,-73.29834767877468,,,,,,,
76.06360554292814,,,,,,,-60.3765377235449,,,,,,,,
79.32786645804141,,,,,,,-37.49637903802893,,,,,,,
79.90105525327236,,,,,,,-5.029522224846455,,,,,,,
77.41379765786452,,,,,,,22.02038509561685,,,,,,,,
73.17371934239466,,,,,,,37.82296954818447,,,,,,,,
68.17959622192866,,,,,,,46.82874502226013,,,,,,,,
62.84332093629894,,,,,,,52.37071198780733,,,,,,,,
57.33079193299334,,,,,,,56.05257175881923,,,,,,,,
51.71652272065141,,,,,,,58.65360215744391,,,,,,,,
46.03805009415844,,,,,,,60.58257613052534,,,,,,,,
40.31611700681157,,,,,,,62.07124473048329,,,,,,,,
34.56353915518407,,,,,,,63.26017810378121,,,,,,,,
28.78883237810704,,,,,,,64.23991577412103,,,,,,,,
22.99807080512022,,,,,,,65.07201624553568,,,,,,,,
17.19553197884543,,,,,,,65.80061777778201,,,,,,,,
11.38480752013161,,,,,,,66.45907038163553,,,,,,,,
5.5687784219759,,,,,,,,,67.07416060179128,,,,,,,,
-0.2499110241924645,,,,,67.66888292004488,,,,,,,,
-6.068659971694754,,,,,,68.26452285052834,,,,,,,,
-11.88514050173034,,,,,,68.882474351412,,,,,,,,,,
-17.69671187956786,,,,,,69.54599079508007,,,,,,,,
-23.50045738667571,,,,,,70.28234069664613,,,,,,,,
-29.29301156826143,,,,,,71.12572384499035,,,,,,,,
-35.07013030066642,,,,,,72.12164126097315,,,,,,,,
-40.82597878297032,,,,,,73.33397196576065,,,,,,,,
-46.55216354457658,,,,,,74.85725681643412,,,,,,,,
-52.23545670170628,,,,,,76.83919578237017,,,,,,,,
-57.85362353775946,,,,,,79.52490484907304,,,,,,,,
-63.36621893361118,,,,,,83.3503757449304,,,,,,,,,
-68.69207056601711,,,,,,89.15444471750052,,,,,,,,
-73.64894950390658,,,,,,98.6777124578383,,,,,,,,,
-77.77985671298178,,,,,,115.5058170684405,,,,,,,,
-80.00108238371764,,,,,,143.8311849293269,,,,,,,,
-79.07477493716786,,,,,,175.9135992562185,,,,,,,,
-75.59216827669178,,,,,,-162.4707819011056,,,,,,,
-70.9001920176585,,,,,,,-150.3295065800199,,,,,,,
-65.68545025537003,,,,,,-143.1898071766002,,,,,,,
-60.21784280668848,,,,,,-138.6318951161203,,,,,,,
-54.61115867032414,,,,,,-135.5098650829061,,,,,,,
-48.91954795330287,,,,,,-133.2489555774443,,,,,,,
-43.17183406890258,,,,,,-131.5367405703176,,,,,,,
-37.38476236425264,,,,,,-130.1903550074133,,,,,,,
-31.56910151475902,,,,,,-129.0957366590703,,,,,,,
-25.73291703974658,,,,,,-128.177648759645,,,,,,,,
-19.88216162603149,,,,,,-127.3836496251738,,,,,,,
-14.02139930511626,,,,,,-126.6751917769776,,,,,,,
-8.154337846034451,,,,,,-126.0222831445582,,,,,,,
-3.609962616498982,,,,,,-125.5390534076616,,,,,,,
