sat_12.Earth.Latitude,,,sat_12.Earth.Longitude,,,
-26.53716322257813,,,,,,-77.12835623886568,,,,,,,
-22.89695026909018,,,,,,-76.10836607467135,,,,,,,
-17.50358510565944,,,,,,-74.71935603102882,,,,,,,
-11.84824674391291,,,,,,-73.3750309055678,,,,,,,,
-6.15086496992945,,,,,,,-72.09403249018175,,,,,,,
-0.4432246143567403,,,,,-70.84735336953862,,,,,,,
5.265307450321899,,,,,,,-69.60305083691743,,,,,,,
10.96843215139237,,,,,,,-68.32865763639343,,,,,,,
16.66006994950013,,,,,,,-66.98925275224134,,,,,,,
22.33320837563587,,,,,,,-65.54473238587833,,,,,,,
27.97962153256116,,,,,,,-63.94598750945616,,,,,,,
33.58951409264286,,,,,,,-62.12936687660432,,,,,,,
39.14983102781663,,,,,,,-60.00848868680242,,,,,,,
44.64219480355697,,,,,,,-57.46091358221575,,,,,,,
50.03889162234169,,,,,,,-54.30614363175068,,,,,,,
55.29642232456435,,,,,,,-50.26768994193954,,,,,,,
60.34203740642629,,,,,,,-44.90916914272178,,,,,,,
65.048346391398,,,,,,,,,-37.53410908456608,,,,,,,
69.18536143747102,,,,,,,-27.08460947543777,,,,,,,
72.34940934599287,,,,,,,-12.31714560509737,,,,,,,
73.95788660508126,,,,,,,6.927517300695388,,,,,,,,
73.55140580825463,,,,,,,27.61595408702181,,,,,,,,
71.26278186270194,,,,,,,45.2431644016999,,,,,,,,,
67.6639253777968,,,,,,,,58.17610119677182,,,,,,,,
63.27880143499131,,,,,,,67.26313762466934,,,,,,,,
58.43253149448182,,,,,,,73.740701493771,,,,,,,,,,
53.30609442089217,,,,,,,78.51621719826061,,,,,,,,
48.00062806207841,,,,,,,82.16852025332156,,,,,,,,
42.57523323796379,,,,,,,85.06049775068766,,,,,,,,
37.06630542688856,,,,,,,87.42464432104099,,,,,,,,
31.49721114799028,,,,,,,89.41517311570799,,,,,,,,
25.88381840360868,,,,,,,91.13830857410137,,,,,,,,
20.23772058111925,,,,,,,92.67022190545738,,,,,,,,
14.56772098331076,,,,,,,94.06808066359254,,,,,,,,
8.88103394926881,,,,,,,,95.37696139629416,,,,,,,,
3.183984006923569,,,,,,,96.63451014902039,,,,,,,,
-2.517518415085729,,,,,,97.87430709116438,,,,,,,,
-8.217503390238329,,,,,,99.12853734720319,,,,,,,,
-13.90981661224791,,,,,,100.4305057616383,,,,,,,,
-19.58802703425807,,,,,,101.8173461615331,,,,,,,,
-25.24479031064109,,,,,,103.3332580769844,,,,,,,,
-30.87108926145219,,,,,,105.0339744437748,,,,,,,,
-36.45547183795183,,,,,,106.9935098081199,,,,,,,,
-41.98209774111275,,,,,,109.3145453039146,,,,,,,,
-47.42805332787299,,,,,,112.1455972019141,,,,,,,,
-52.75830053254517,,,,,,115.7099328355968,,,,,,,,
-57.91528891552237,,,,,,120.3539936578914,,,,,,,,
-62.80217473286228,,,,,,126.6290712460787,,,,,,,,
-67.2472610524276,,,,,,,135.4010043486718,,,,,,,,
-70.94454938178299,,,,,,147.8778569060289,,,,,,,,
-73.39290614599106,,,,,,165.0118177105747,,,,,,,,
-74.01250167706974,,,,,,-174.4783604804962,,,,,,,
-72.60904535930094,,,,,,-154.9277648077168,,,,,,,
-69.59603393249456,,,,,,-139.6861829523985,,,,,,,
-65.56050186722102,,,,,,-128.8471764813063,,,,,,,
-60.92308275820665,,,,,,-121.2015982488903,,,,,,,
-55.92650691305324,,,,,,-115.6614698426017,,,,,,,
-50.70529506132952,,,,,,-111.499581554213,,,,,,,,
-45.33576575018909,,,,,,-108.2587206377416,,,,,,,
-39.86387051099315,,,,,,-105.6498027692573,,,,,,,
-34.31898980256817,,,,,,-103.484549411712,,,,,,,,
-28.72033400629233,,,,,,-101.6355080219156,,,,,,,
-23.08201069342669,,,,,,-100.0132329401011,,,,,,,
-17.41454310420749,,,,,,-98.55204649736999,,,,,,,
-11.72652864224628,,,,,,-97.2014862580061,,,,,,,,
-6.025387370044919,,,,,,-95.92064053812251,,,,,,,
-0.3173223196719898,,,,,-94.67411777663172,,,,,,,
5.391148540106506,,,,,,,-93.42933792010045,,,,,,,
11.09401359328726,,,,,,,-92.15374347125714,,,,,,,
16.78524175049258,,,,,,,-90.81231685644313,,,,,,,
22.45780321792654,,,,,,,-89.36479827960402,,,,,,,
28.10344664396166,,,,,,,-87.76182255830736,,,,,,,
33.71234167260427,,,,,,,-85.93933046025806,,,,,,,
39.2712875323186,,,,,,,,-83.81032857962794,,,,,,,
44.76169954580293,,,,,,,-81.25140863486912,,,,,,,
50.15574704151056,,,,,,,-78.08037847560922,,,,,,,
55.40928434109758,,,,,,,-74.01817216976673,,,,,,,
60.44887259463397,,,,,,,-68.62381446380107,,,,,,,
65.14555275564487,,,,,,,-61.19365389417175,,,,,,,
69.26608024311889,,,,,,,-50.66223629000817,,,,,,,
72.40238519287506,,,,,,,-35.79084615050115,,,,,,,
73.96998566858318,,,,,,,-16.46973240966178,,,,,,,
73.51826473290481,,,,,,,4.194120661527806,,,,,,,,
71.19420075621852,,,,,,,21.72184033724556,,,,,,,,
67.5731727982765,,,,,,,,34.55684367506045,,,,,,,,
63.17510188360225,,,,,,,43.57415630121132,,,,,,,,
58.32100430555379,,,,,,,50.00624802683686,,,,,,,,
53.18957780889586,,,,,,,54.75211187948523,,,,,,,,
47.88078581967926,,,,,,,58.38460567084666,,,,,,,,
42.45321634486367,,,,,,,61.26293149073733,,,,,,,,
36.94272421528998,,,,,,,63.61752302834967,,,,,,,,
31.37243654889527,,,,,,,65.60127285649277,,,,,,,,
25.7580696326447,,,,,,,,67.31958726810285,,,,,,,,
20.11117860248897,,,,,,,68.84810613916014,,,,,,,,
14.4405469551314,,,,,,,,70.24366304189193,,,,,,,,
8.753452284301847,,,,,,,71.55111094679376,,,,,,,,
3.056073591220244,,,,,,,72.80800793191516,,,,,,,,
-2.645635673017469,,,,,,74.0478688369854,,,,,,,,,
-8.345701792212735,,,,,,75.30288051429837,,,,,,,,
-14.03790768453873,,,,,,76.60639335583944,,,,,,,,
-19.71580422183975,,,,,,77.99566139423453,,,,,,,,
-25.37207775289784,,,,,,79.51510432278042,,,,,,,,
-30.99768480885634,,,,,,81.22079098500789,,,,,,,,
-36.58106984487863,,,,,,83.18724557332845,,,,,,,,
-42.10625901935309,,,,,,85.51796179648423,,,,,,,,
-47.55012663958574,,,,,,88.36276735418768,,,,,,,,
-52.8773580594225,,,,,,,91.94715686258149,,,,,,,,
-58.02939084678682,,,,,,96.62086323062283,,,,,,,,
-62.90854698230335,,,,,,102.9412933420531,,,,,,,,
-67.34066267657299,,,,,,111.7822150959338,,,,,,,,
-71.0160135532124,,,,,,,124.3568593507788,,,,,,,,
-73.42916766399853,,,,,,141.5937727628748,,,,,,,,
-74.0029524260225,,,,,,,162.136289425286,,,,,,,,,
-72.55708401535011,,,,,,-178.3861272643158,,,,,,,
-69.51502961355872,,,,,,-163.2519333334448,,,,,,,
-65.46223473733671,,,,,,-152.4989644024599,,,,,,,
-60.81461553407863,,,,,,-144.9111883420076,,,,,,,
-55.81182866331824,,,,,,-139.4087912228292,,,,,,,
-50.58656465182362,,,,,,-135.2718165439273,,,,,,,
-45.21432505094227,,,,,,-132.047896537012,,,,,,,,
-39.74067273295784,,,,,,-129.4508401710165,,,,,,,
-34.19456052244332,,,,,,-127.2940098313834,,,,,,,
-28.5949411479374,,,,,,,-125.4509920829534,,,,,,,
-22.95581596606497,,,,,,-123.8330171609011,,,,,,,
-17.28771762489252,,,,,,-122.3748541774704,,,,,,,
-11.59946681296154,,,,,,-121.0263679916475,,,,,,,
-5.898238801905552,,,,,,-119.7467544097553,,,,,,,
-0.1902162212598296,,,,,-118.5007129886507,,,,,,,
5.518184390117161,,,,,,,-117.255675250705,,,,,,,,
11.22088761617894,,,,,,,-115.9790730427833,,,,,,,
16.91186024539767,,,,,,,-114.6358021842534,,,,,,,
22.58383819863051,,,,,,,-113.1855008032109,,,,,,,
28.22873296885377,,,,,,,-111.5785038865272,,,,,,,
33.83654678339207,,,,,,,-109.7503874456761,,,,,,,
39.39410927786165,,,,,,,-107.6134917780206,,,,,,,
44.88259581054518,,,,,,,-105.0434387493743,,,,,,,
50.27389845178908,,,,,,,-101.8564229473618,,,,,,,
55.5235687732495,,,,,,,,-97.77054549304347,,,,,,,
60.55710762477626,,,,,,,-92.34044478542059,,,,,,,
65.24413279722303,,,,,,,-84.8550806934534,,,,,,,,
69.34818191877501,,,,,,,-74.24113966041489,,,,,,,
72.45672540313957,,,,,,,-59.26459564351769,,,,,,,
73.98331059635068,,,,,,,-39.86689652690208,,,,,,,
73.48640993066721,,,,,,,-19.22814744131038,,,,,,,
71.12709537759463,,,,,,,-1.799393933026965,,,,,,,
67.48403297497512,,,,,,,10.93851259774915,,,,,,,,
63.07294956772741,,,,,,,19.88680774362404,,,,,,,,
58.21104401599675,,,,,,,26.27353216832736,,,,,,,,
53.07468445610566,,,,,,,30.98964573888482,,,,,,,,
47.76283948470257,,,,,,,34.60204327933404,,,,,,,,
42.33320454196036,,,,,,,37.46653944999007,,,,,,,,
36.82122972661411,,,,,,,39.81140322829644,,,,,,,,
31.24982606363633,,,,,,,41.78819970961865,,,,,,,,
25.6346849829226,,,,,,,,43.50148296324567,,,,,,,,
19.98711968416983,,,,,,,45.02642480682293,,,,,,,,
14.31601122282528,,,,,,,46.41948763721775,,,,,,,,
8.628466148949562,,,,,,,47.72535200980721,,,,,,,,
2.930830787380613,,,,,,,48.98141227618229,,,,,,,,
-2.770998622182268,,,,,,50.22113889094985,,,,,,,,
-8.471138213727187,,,,,,51.47673721668108,,,,,,,,
-14.16339064260871,,,,,,52.78162011656667,,,,,,,,
-19.84119125043361,,,,,,54.17314090738712,,,,,,,,
-25.49714610149076,,,,,,55.69591017558376,,,,,,,,
-31.12232911886356,,,,,,57.40637132428137,,,,,,,,
-36.7049038906434,,,,,,,59.37950135288429,,,,,,,,
-42.22883480041576,,,,,,61.71961954804531,,,,,,,,
-47.67087305532209,,,,,,64.57790719987935,,,,,,,,
-52.99515764850061,,,,,,68.18191246876665,,,,,,,,
-58.14262512287926,,,,,,72.88505105585102,,,,,,,,
-63.01422888415244,,,,,,79.25041327036585,,,,,,,,
-67.4336708849327,,,,,,,88.16013895285911,,,,,,,,
-71.08736081388683,,,,,,100.8324825186073,,,,,,,,
-73.46561199877065,,,,,,118.1721670196548,,,,,,,,
-73.99398006611119,,,,,,138.7465312439795,,,,,,,,
-72.5062313599626,,,,,,,158.1515297819617,,,,,,,,
-69.43554353471563,,,,,,173.1800115519395,,,,,,,,
-65.36565667395399,,,,,,-176.1515085673169,,,,,,,
-60.70805158993586,,,,,,-168.6208557367184,,,,,,,
-55.69895367447588,,,,,,-163.1555897210761,,,,,,,
-50.46951667447682,,,,,,-159.0432514968432,,,,,,,
-45.09444346091815,,,,,,-155.8361674827731,,,,,,,
-39.61901886549632,,,,,,-153.2510047369633,,,,,,,
-34.0716270836304,,,,,,,-151.1026534370931,,,,,,,
-28.47108050910397,,,,,,-149.2657654493141,,,,,,,
-22.83116650757544,,,,,,-147.6522001546127,,,,,,,
-17.16248475865597,,,,,,-146.1971875070646,,,,,,,
-11.47407027216097,,,,,,-144.8509151679512,,,,,,,
-5.772809833958322,,,,,,-143.5726775586146,,,,,,,
-0.06479777457392148,,,,-142.3272530423242,,,,,,,
5.643576848019419,,,,,,,-141.0821027345997,,,,,,,
11.34612393186042,,,,,,,-139.8046608441299,,,,,,,
17.03678731206436,,,,,,,-138.45974575522,,,,,,,,,
22.70812953341039,,,,,,,-137.0068858182693,,,,,,,
28.35213174674302,,,,,,,-135.396151994667,,,,,,,,
33.9588005210081,,,,,,,,-133.5627197764647,,,,,,,
39.51484940566093,,,,,,,-131.4183305156462,,,,,,,
45.00143389451519,,,,,,,-128.837569464856,,,,,,,,
50.39006184142188,,,,,,,-125.6350779055489,,,,,,,
55.63583757628459,,,,,,,-121.5262861445479,,,,,,,
60.66348758780961,,,,,,,-116.0612962703343,,,,,,,
65.3408975126181,,,,,,,,-108.5222345617311,,,,,,,
69.42886539292336,,,,,,,-97.82739119282726,,,,,,,
72.51032612057799,,,,,,,-82.74740861731175,,,,,,,
73.99681777234066,,,,,,,-63.27522241418887,,,,,,,
73.4559374043848,,,,,,,,-42.66169733706506,,,,,,,
71.06253715154607,,,,,,,-25.32966374544236,,,,,,,
67.39827051353885,,,,,,,-12.68589206941698,,,,,,,
62.97487737407179,,,,,,,-3.804683286388497,,,,,,,
58.10561030328407,,,,,,,2.538054379674325,,,,,,,,
52.96471212793931,,,,,,,7.225236975852328,,,,,,,,
47.64996187740422,,,,,,,10.81816427263984,,,,,,,,
42.21846255187825,,,,,,,13.66917840554241,,,,,,,,
36.70519125015562,,,,,,,16.00452923071219,,,,,,,,
31.13285477617228,,,,,,,17.97450096306726,,,,,,,,
25.51697891572318,,,,,,,19.68286576236805,,,,,,,,
19.86892893684098,,,,,,,21.20425685965583,,,,,,,,
14.19739187315497,,,,,,,22.59485728299622,,,,,,,,
8.509526278497892,,,,,,,23.89912462716744,,,,,,,,
2.811657790629417,,,,,,,25.15433623869692,,,,,,,,
-2.890360411736629,,,,,,26.39391497912834,,,,,,,,
-8.590707075666387,,,,,,27.65007968200667,,,,,,,,
-14.28304380158456,,,,,,28.95626897047819,,,,,,,,
-19.96087590169342,,,,,,30.34997511588109,,,,,,,,
-25.6167349966829,,,,,,,31.87600177453517,,,,,,,,
-31.24154705064041,,,,,,33.59108389621333,,,,,,,,
-36.82348700337601,,,,,,35.57072498396757,,,,,,,,
-42.34636979079315,,,,,,37.92003247992294,,,,,,,,
-47.78682305493038,,,,,,40.79152283972396,,,,,,,,
-53.10827720798215,,,,,,44.4146406364944,,,,,,,,,
-58.25147991949239,,,,,,49.14662887464871,,,,,,,,
-63.11592208760381,,,,,,55.55614602427318,,,,,,,,
-67.52319108180107,,,,,,64.53365597895844,,,,,,,,
-71.15575739678879,,,,,,77.30193937672858,,,,,,,,
-73.49982963130398,,,,,,94.74150127929127,,,,,,,,
-73.98386045731417,,,,,,115.3449623577105,,,,,,,,
-72.455405395358,,,,,,,,134.6780567484882,,,,,,,,
-69.35692124405338,,,,,,149.6036744857215,,,,,,,,
-65.27043404533394,,,,,,160.1902608139821,,,,,,,,
-60.60299935086964,,,,,,167.665744704149,,,,,,,,,
-55.58780269519777,,,,,,173.0949584183234,,,,,,,,
-50.35436674928346,,,,,,177.1833720847715,,,,,,,,
-44.97661968536143,,,,,,-179.625891564638,,,,,,,,
-39.49931746400459,,,,,,-177.0521620847549,,,,,,,
-33.95056061404645,,,,,,-174.9119633506831,,,,,,,
-28.34900593698724,,,,,,-173.0809587185818,,,,,,,
-22.70831692018831,,,,,,-171.4716341440358,,,,,,,
-17.03923894677476,,,,,,-170.0196762750302,,,,,,,
-11.35062060428396,,,,,,-168.6754872569788,,,,,,,
-5.649280520965543,,,,,,-167.3985132708869,,,,,,,
0.05865495726238195,,,,,-166.1536330008853,,,,,,,
5.766939639952195,,,,,,,-164.9083093045686,,,,,,,
11.46926578540596,,,,,,,-163.6299787495018,,,,,,,
17.15947401963741,,,,,,,-162.2834022175534,,,,,,,
22.83006109840905,,,,,,,-160.8279764061768,,,,,,,
28.47309114083266,,,,,,,-159.2135061638907,,,,,,,
34.07861145521932,,,,,,,-157.3747540519076,,,,,,,
39.63316973922373,,,,,,,-155.222875716048,,,,,,,,
45.1177294803371,,,,,,,,-152.6315085928707,,,,,,,
50.50362426687565,,,,,,,-149.4136728829461,,,,,,,
55.74544776619901,,,,,,,-145.2821926366046,,,,,,,
60.76710274663879,,,,,,,-139.7827768712006,,,,,,,
65.43496650281988,,,,,,,-132.1905704171093,,,,,,,
69.50694411160914,,,,,,,-121.415941400976,,,,,,,,
72.56150742352747,,,,,,,-106.2351057567734,,,,,,,
74.00852005718012,,,,,,,-86.69232431684948,,,,,,,
73.42480105802862,,,,,,,-66.10698271210744,,,,,,,
70.99853943781405,,,,,,,-48.87062424631217,,,,,,,
67.31397110208729,,,,,,,-36.31843421331035,,,,,,,
62.87879052794769,,,,,,,-27.50198975807471,,,,,,,
58.0025913193345,,,,,,,,-21.20174298263519,,,,,,,
52.8574311349397,,,,,,,,-16.54242149282658,,,,,,,
47.54000418364216,,,,,,,-12.96822774464759,,,,,,,
42.10669492997358,,,,,,,-10.13010025354787,,,,,,,
36.59218366857019,,,,,,,-7.803834253968816,,,,,,,
31.01894137516192,,,,,,,-5.840354733163745,,,,,,,
25.40243697218209,,,,,,,-4.136670467921753,,,,,,,
19.75385269656888,,,,,,,-2.618597011138599,,,,,,,
14.08181551897113,,,,,,,-1.230259447888408,,,,,,,
8.393644659084984,,,,,,,0.07256299875285441,,,,,,
2.695530572777743,,,,,,,1.327065006245175,,,,,,,,
-3.006624305114713,,,,,,2.566605754756579,,,,,,,,
-8.707055689291264,,,,,,3.823418159609043,,,,,,,,
-14.39942436691493,,,,,,5.130997814945854,,,,,,,,
-20.07723548047549,,,,,,6.526960187211164,,,,,,,,
-25.73293909574531,,,,,,8.056298116215853,,,,,,,,
-31.35741836189692,,,,,,9.776067843501998,,,,,,,,
-36.93876155263422,,,,,,11.76227206179378,,,,,,,,
-42.46073911773747,,,,,,14.12085146157584,,,,,,,,
-47.89933659505144,,,,,,17.00537965309273,,,,,,,,
-53.21792313469597,,,,,,20.64747381834173,,,,,,,,
-58.3567972477629,,,,,,,25.40800402772645,,,,,,,,
-63.21417672798933,,,,,,31.86131370981978,,,,,,,,
-67.60937848447158,,,,,,40.90584982869296,,,,,,,,
-71.22099148407958,,,,,,53.76843887969488,,,,,,,,
-73.53126492664956,,,,,,71.30456225497637,,,,,,,,
-73.97179375136325,,,,,,91.93325230851424,,,,,,,,
-72.4037919708725,,,,,,,111.1933037145947,,,,,,,,
-69.27846949083148,,,,,,126.0180261910754,,,,,,,,
-65.17597336633618,,,,,,136.5251238745291,,,,,,,,
-60.49910739514939,,,,,,143.9472002292966,,,,,,,,
-55.4781299475605,,,,,,,149.3415533189776,,,,,,,,
-50.24096914834379,,,,,,153.4068726800365,,,,,,,,
-44.86063052639138,,,,,,156.5819520174786,,,,,,,,
-39.38153977272469,,,,,,159.1447499708575,,,,,,,,
-33.83145004809241,,,,,,161.2772020749666,,,,,,,,
-28.22887428131487,,,,,,163.1026613834136,,,,,,,,
-22.58751079011025,,,,,,164.7079947466786,,,,,,,,
-16.91795346208443,,,,,,166.157158248727,,,,,,,,,
-11.22900887408894,,,,,,167.4995027710258,,,,,,,,
-5.5275169278434,,,,,,,,168.7754197798624,,,,,,,,
0.1804755230128359,,,,,,170.0199631242774,,,,,,,,
5.888499497262795,,,,,,,171.2655940179454,,,,,,,,
11.59052305773487,,,,,,,172.5449615010729,,,,,,,,
17.28027002772966,,,,,,,173.8933630018278,,,,,,,,
22.95034783370258,,,,,,,175.3515877756996,,,,,,,,
28.59261509644803,,,,,,,176.9700389370022,,,,,,,,
34.19707044161736,,,,,,,178.8143448573857,,,,,,,,
39.75017627738989,,,,,,,-179.0260363513777,,,,,,,
45.23279266987586,,,,,,,-176.4237400605776,,,,,,,
50.61602862671911,,,,,,,-173.1901494124263,,,,,,,
55.85401008174138,,,,,,,-169.0353818364724,,,,,,,
60.86969317740277,,,,,,,-163.5007442430339,,,,,,,
65.52788684838418,,,,,,,-155.8543927179649,,,,,,,
69.58348465354054,,,,,,,-144.9992276654264,,,,,,,
72.61064712693386,,,,,,,-129.7178033925143,,,,,,,
74.01777857422724,,,,,,,-110.1075175434188,,,,,,,
73.39126769002996,,,,,,,-89.55386117802553,,,,,,,
70.93242325420556,,,,,,,-72.41451231580162,,,,,,,
67.22780350531797,,,,,,,-59.95374041250341,,,,,,,
62.78100610215717,,,,,,,-51.20156047392935,,,,,,,
57.89797618641057,,,,,,,-44.94332863007011,,,,,,,
52.74852002231679,,,,,,,-40.31141193510919,,,,,,,
47.42831061719701,,,,,,,-36.75558000448033,,,,,,,
41.99312825234077,,,,,,,-33.93007977602889,,,,,,,
36.47725744232877,,,,,,,-31.61266675526912,,,,,,,
30.90303149478476,,,,,,,-29.65549942780491,,,,,,,
25.28586328651147,,,,,,,-27.95634893030147,,,,,,,
19.6367616177604,,,,,,,,-26.4414711179081,,,,,,,,
13.96436158965952,,,,,,,-25.05530787651664,,,,,,,
8.275847829732513,,,,,,,-23.75380246042688,,,,,,,
2.577495889035462,,,,,,,-22.49989382515548,,,,,,,
-3.124836727362786,,,,,,-21.26026240802248,,,,,,,
-8.825265419768407,,,,,,-20.00269686281931,,,,,,,
-14.51744406546823,,,,,,-18.69364596842502,,,,,,,
-20.19490293663654,,,,,,-17.29536900795339,,,,,,,
-25.85010627523691,,,,,,-15.76266466735753,,,,,,,
-31.47389726248613,,,,,,-14.03815761172804,,,,,,,
-37.0543429573471,,,,,,,-12.04532512192621,,,,,,,
-42.57497775641811,,,,,,-9.677474968991735,,,,,,,
-48.01159323511839,,,,,,-6.779764247638163,,,,,,,
-53.32715539964553,,,,,,-3.118529206781834,,,,,,,
-58.46137435910141,,,,,,1.670581877764782,,,,,,,,
-63.31126229743337,,,,,,8.16747977453042,,,,,,,,,
-67.694146361512,,,,,,,,17.27883990859906,,,,,,,,
-71.28459022771135,,,,,,30.23488072845247,,,,,,,,
-73.56102369009407,,,,,,47.8651174125987,,,,,,,,,
-73.95845727713602,,,,,,68.51542271843752,,,,,,,,
-72.35166760272243,,,,,,87.70131062074431,,,,,,,,
-69.20021831826013,,,,,,102.4262057623448,,,,,,,,
-65.08227686793029,,,,,,112.8552033538451,,,,,,,,
-60.39631365086752,,,,,,120.2251038542722,,,,,,,,
-55.36975393731739,,,,,,125.5854770762436,,,,,,,,
-50.12905130549255,,,,,,129.6282701328261,,,,,,,,
-44.74633980161136,,,,,,132.7880547823197,,,,,,,,
-39.26562089664149,,,,,,135.3402037262124,,,,,,,,
-33.71435821612907,,,,,,137.4651170906904,,,,,,,,
-28.1108632463932,,,,,,,139.2852074713788,,,,,,,,
-22.46897767138077,,,,,,140.886675320878,,,,,,,,,
-16.79906424979086,,,,,,142.333153973568,,,,,,,,,
-11.10988744021566,,,,,,143.6737524003403,,,,,,,,
-5.408260490032197,,,,,,144.9487141697913,,,,,,,,
0.2996781091296808,,,,,,146.192991297836,,,,,,,,,
6.00753991628098,,,,,,,,147.439038310441,,,,,,,,,
11.70931045872326,,,,,,,148.7195368835223,,,,,,,,
17.39870454442649,,,,,,,150.0698704614642,,,,,,,,
23.06825166488812,,,,,,,151.5309698018909,,,,,,,,
28.70984253723136,,,,,,,153.1535085890201,,,,,,,,
34.31331247641621,,,,,,,155.0034804388414,,,,,,,,
39.8651251908163,,,,,,,,157.1709973283433,,,,,,,,
45.34598035054855,,,,,,,159.7844270272806,,,,,,,,
50.72670210652687,,,,,,,163.0340165281635,,,,,,,,
55.96090575348763,,,,,,,167.2123395389273,,,,,,,,
60.97078732545721,,,,,,,172.7827297662247,,,,,,,,
65.61936093157571,,,,,,,-179.5160988825374,,,,,,,
69.65841236690856,,,,,,,-168.579964454901,,,,,,,,
72.65788221847785,,,,,,,-153.198698441447,,,,,,,,
74.02502779297947,,,,,,,-133.5230101898508,,,,,,,
73.35590417872334,,,,,,,-113.0036442254193,,,,,,,
70.86478608406182,,,,,,,-95.96187287407925,,,,,,,
67.14027591246023,,,,,,,-83.59179212726036,,,,,,,
62.68185567105027,,,,,,,-74.90307149396413,,,,,,,
57.79179223415144,,,,,,,-68.68616439726057,,,,,,,
52.63797944395673,,,,,,,-64.08135477006675,,,,,,,
47.31487078957738,,,,,,,-60.54364658177359,,,,,,,
41.87772933233551,,,,,,,-57.73061669258274,,,,,,,
36.36045956579606,,,,,,,-55.42195263048026,,,,,,,
30.78527311762155,,,,,,,-53.47103046710938,,,,,,,
25.16734126904301,,,,,,,-51.77631798319641,,,,,,,
19.51772796698661,,,,,,,-50.26457833496945,,,,,,,
13.84496238033351,,,,,,,-48.88053211527105,,,,,,,
8.156182536596628,,,,,,,-47.58030464045297,,,,,,,
2.45767982247204,,,,,,,,-46.32694973612511,,,,,,,
-3.244729738651033,,,,,,-45.08718701777629,,,,,,,
-8.944952243519193,,,,,,-43.82884546233119,,,,,,,
-14.63682321305112,,,,,,-42.51827565959948,,,,,,,
-20.31377054516134,,,,,,-41.11763900630675,,,,,,,
-25.96833771273429,,,,,,-39.58150769755096,,,,,,,
-31.59126770954207,,,,,,-37.85220123460103,,,,,,,
-37.17054994392666,,,,,,-35.85269950228394,,,,,,,
-42.68966175544897,,,,,,-33.47549108555702,,,,,,,
-48.12427486917032,,,,,,-30.56438632472305,,,,,,,
-53.43682753614626,,,,,,-26.88366537879703,,,,,,,
-58.56608525965157,,,,,,-22.06577060379623,,,,,,,
-63.40827786042651,,,,,,-15.52484294665503,,,,,,,
-67.77845771392083,,,,,,-6.346428582706486,,,,,,,
-71.34740035218809,,,,,,6.703152435118545,,,,,,,,
-73.58969688858073,,,,,,24.42609887872298,,,,,,,,
-73.94406781889205,,,,,,45.09532364142103,,,,,,,,
-72.29888517257282,,,,,,64.20536775335016,,,,,,,,
-69.12177158936389,,,,,,78.8306547390405,,,,,,,,,
-64.98866634073977,,,,,,89.18247550707559,,,,,,,,
-60.2938938850374,,,,,,,96.50077292270669,,,,,,,,
-55.26197718228773,,,,,,101.8275859850248,,,,,,,,
-50.01777023262005,,,,,,105.8482432080733,,,,,,,,
-44.63276563050788,,,,,,108.9929560126525,,,,,,,,
-39.1504415645256,,,,,,,111.5346262696986,,,,,,,,
-33.59798081690101,,,,,,113.6521328335772,,,,,,,,
-27.99360359851225,,,,,,115.466927657398,,,,,,,,,
-22.35105435495857,,,,,,117.0646299027498,,,,,,,,
-16.68072704046533,,,,,,118.508480409009,,,,,,,,,
-10.99128986026098,,,,,,119.847371689239,,,,,,,,,
-5.289606090634639,,,,,,121.1213884746315,,,,,,,,
0.4183667981964012,,,,,,122.3654445136561,,,,,,,,
6.126190537873036,,,,,,,123.6119616735998,,,,,,,,
11.82771932618013,,,,,,,124.8936249435476,,,,,,,,
17.51680779124029,,,,,,,126.2459397900114,,,,,,,,
23.18581003554512,,,,,,,127.7099576427386,,,,,,,,
28.82655546569934,,,,,,,129.3365925558192,,,,,,,,
34.42902093426812,,,,,,,131.1922933125304,,,,,,,,
39.97947133134428,,,,,,,133.3677693871196,,,,,,,,
45.45844386397538,,,,,,,135.9923846228367,,,,,,,,
50.83659696879865,,,,,,,139.2580836737744,,,,,,,,
56.06685161524754,,,,,,,143.4600125634235,,,,,,,,
61.07063246326397,,,,,,,149.0660269093923,,,,,,,,
65.70946697331701,,,,,,,156.8220198230634,,,,,,,,
69.73183140908203,,,,,,,167.8388155652023,,,,,,,,
72.703551793743,,,,,,,,,-176.6811081836647,,,,,,,
74.03084882137728,,,,,,,-156.9429017197807,,,,,,,
73.31966705118445,,,,,,,-136.4602322099437,,,,,,,
70.79696158284683,,,,,,,-119.5158896483913,,,,,,,
67.0530686057527,,,,,,,,-107.2351306678443,,,,,,,
62.58335437862107,,,,,,,-98.60863477416696,,,,,,,
57.68657767636422,,,,,,,-92.43228961998544,,,,,,,
52.52863767654603,,,,,,,-87.85402560621516,,,,,,,
47.20283556625273,,,,,,,-84.33405805843935,,,,,,,
41.76384301452887,,,,,,,-81.53319083705975,,,,,,,
36.24530213650988,,,,,,,-79.23306819632434,,,,,,,
30.66920178426092,,,,,,,-77.28821558995394,,,,,,,
25.05055496402974,,,,,,,-75.59781294143198,,,,,,,
19.400497402313,,,,,,,,,-74.08912035706233,,,,,,,
13.72747467407216,,,,,,,-72.70713221723781,,,,,,,
8.038563916349318,,,,,,,-71.4081454511476,,,,,,,,
2.339984213423452,,,,,,,-70.15530590073934,,,,,,,
-3.3623724454943,,,,,,,,-68.91539637518876,,,,,,,
-9.062450494758517,,,,,,-67.65623013473726,,,,,,,
-14.75402970626966,,,,,,-66.34410910016977,,,,,,,
-20.43054792084574,,,,,,-64.94106821892494,,,,,,,
-26.08448564984021,,,,,,-63.40148733374573,,,,,,,
-31.70655290462025,,,,,,-61.66736575336746,,,,,,,
-37.28470639776791,,,,,,-59.6611709392412,,,,,,,,
-42.80221715169112,,,,,,-57.27463692948336,,,,,,,
-48.23475009236161,,,,,,-54.35020201487259,,,,,,,
-53.54423043969973,,,,,,-50.65010270589346,,,,,,,
-58.66862959407142,,,,,,-45.80344638887283,,,,,,,
-63.50307529869982,,,,,,-39.21878792787967,,,,,,,
-67.86056353006281,,,,,,-29.97383353875328,,,,,,,
-71.40800504233462,,,,,,-16.83225264359207,,,,,,,
-73.61645792630898,,,,,,0.9808074811540316,,,,,,,
-73.92845460733457,,,,,,21.66563813711568,,,,,,,,
-72.24585617760228,,,,,,40.69922156802572,,,,,,,,
-69.04387506959084,,,,,,55.22673520421983,,,,,,,,
-64.89608293368647,,,,,,65.50345242691684,,,,,,,,
-60.19262005878912,,,,,,72.77185878487857,,,,,,,,
-55.15530091117365,,,,,,78.06626085866779,,,,,,,,
-49.90756698842465,,,,,,82.06547532205094,,,,,,,,
-44.52019626717031,,,,,,85.19560157414418,,,,,,,,
-39.03618638644959,,,,,,87.72713304356115,,,,,,,,
-33.48248996266757,,,,,,89.83746376676028,,,,,,,,
-27.87724432068489,,,,,,91.64712081358672,,,,,,,,
-22.23390778999875,,,,,,93.2412147822176,,,,,,,,,
-16.56308907670567,,,,,,94.68254894433599,,,,,,,,
-10.87334520624822,,,,,,96.01981399306698,,,,,,,,
-5.171421353771867,,,,,,97.29297910440904,,,,,,,,
0.5367171960604792,,,,,,98.53688124445662,,,,,,,,
6.244662166914447,,,,,,,99.78393188627689,,,,,,,,
11.94612166616975,,,,,,,101.066820601985,,,,,,,,,
17.63492914524714,,,,,,,102.42114052085,,,,,,,,,,
23.30350144349137,,,,,,,103.8881232928629,,,,,,,,
28.9436952553077,,,,,,,,105.518963546519,,,,,,,,,
34.54519681472376,,,,,,,107.3804464984159,,,,,,,,
40.09438968748057,,,,,,,109.5639866351162,,,,,,,,
45.57161860896606,,,,,,,112.1999668510569,,,,,,,,
50.94717393224263,,,,,,,115.4819501678046,,,,,,,,
56.17351683193303,,,,,,,119.7078450399818,,,,,,,,
61.17113554997054,,,,,,,125.3500022659003,,,,,,,,
65.79991136608128,,,,,,,133.1612547374712,,,,,,,,
69.8053757332094,,,,,,,,144.2597268410271,,,,,,,,
72.74896424051207,,,,,,,159.8391480652317,,,,,,,,
74.03603947005485,,,,,,,179.6380913785989,,,,,,,,
73.28286701433048,,,,,,,-159.9188902149915,,,,,,,
70.72900386252981,,,,,,,-143.0731546692805,,,,,,,
66.96622966590736,,,,,,,-130.8816248096542,,,,,,,
62.48564843201062,,,,,,,-122.316919238153,,,,,,,,
57.5824819404349,,,,,,,,-116.1807206911536,,,,,,,
52.42060246238125,,,,,,,-111.6286455474671,,,,,,,
47.09224854628648,,,,,,,-108.1261788297797,,,,,,,
41.65153237042327,,,,,,,-105.3373205932906,,,,,,,
36.13182130623361,,,,,,,-103.0456330367414,,,,,,,
30.5549075568373,,,,,,,,-101.1067828123993,,,,,,,
24.9356990317362,,,,,,,,-99.42066375214684,,,,,,,
19.28514516161027,,,,,,,-97.91495518055756,,,,,,,
13.61186169255231,,,,,,,-96.53499345537462,,,,,,,
7.922696119499223,,,,,,,-95.23720190801048,,,,,,,
2.223989444539725,,,,,,,-93.98485953558901,,,,,,,
-3.478382183488296,,,,,,-92.74478843428052,,,,,,,
-9.178414495242645,,,,,,-91.48478103062241,,,,,,,
-14.86974520628714,,,,,,-90.17110822832565,,,,,,,
-20.54589581644317,,,,,,-88.76566075330541,,,,,,,
-26.19929196646988,,,,,,-87.2226213506608,,,,,,,,
-31.82058398927077,,,,,,-85.48367312166084,,,,,,,
-37.3976624120865,,,,,,,-83.47078070133134,,,,,,,
-42.91369175791119,,,,,,-81.0748788645418,,,,,,,,
-48.34410897416358,,,,,,-78.13713578583351,,,,,,,
-53.65055019019528,,,,,,-74.41762918933,,,,,,,,,,
-58.77026765897509,,,,,,-69.54198575898725,,,,,,,
-63.59699728230721,,,,,,-62.91338704353446,,,,,,,
-67.94173417754612,,,,,,-53.60173193127527,,,,,,,
-71.46766766986231,,,,,,-40.36780676557671,,,,,,,
-73.64217621826326,,,,,,-22.46565409648763,,,,,,,
-73.91190607385965,,,,,,-1.767014597730125,,,,,,,
-72.19213668278154,,,,,,17.1896624747854,,,,,,,,,
-68.96540793212024,,,,,,31.62026801619994,,,,,,,,
-64.80292823464839,,,,,,41.82269171150636,,,,,,,,
-60.09072947700805,,,,,,49.04169729691527,,,,,,,,
-55.04806167660428,,,,,,54.30387048824752,,,,,,,,
-49.79682909693549,,,,,,58.28177744722701,,,,,,,,
-44.40693223051558,,,,,,61.39750758813452,,,,,,,,
-38.92099011385856,,,,,,63.91906667519465,,,,,,,,
-33.36586276185606,,,,,,66.02232455780688,,,,,,,,
-27.75944077859477,,,,,,67.82695860912251,,,,,,,,
-22.11524552717787,,,,,,69.41747477392579,,,,,,,,
-16.44379819034846,,,,,,70.85633744640003,,,,,,,,
-10.75348802180519,,,,,,72.19204516517966,,,,,,,,
-5.051152243507316,,,,,,73.46440355318983,,,,,,,,
0.6572567386118414,,,,,,74.70818140366568,,,,,,,,
6.36519909739893,,,,,,,,75.95574566178021,,,,,,,,
12.06664892500996,,,,,,,77.23988070234121,,,,,,,,
17.75534808706391,,,,,,,78.59625752499947,,,,,,,,
23.42352972475176,,,,,,,80.06623322579847,,,,,,,,
29.06311419334207,,,,,,,81.70129007163339,,,,,,,,
34.66382119540769,,,,,,,83.56866168019748,,,,,,,,
40.21176829833479,,,,,,,85.76036258589427,,,,,,,,
45.68719577938317,,,,,,,88.40783575699376,,,,,,,,
51.06013371397578,,,,,,,91.70635943159922,,,,,,,,
56.28244446931785,,,,,,,95.95658942236146,,,,,,,,
61.2737608827404,,,,,,,,101.6355558897995,,,,,,,,
65.89227197656392,,,,,,,109.5032288510865,,,,,,,,
69.88049787061834,,,,,,,120.6852451723103,,,,,,,,
72.79531067138707,,,,,,,136.365561741286,,,,,,,,,
74.04145561410554,,,,,,,156.2247487583729,,,,,,,,
73.24585726878728,,,,,,,176.6265453889285,,,,,,,,
70.66067248310139,,,,,,,-166.6275264512389,,,,,,,
66.87906782003977,,,,,,,-154.5260469897972,,,,,,,
62.38774627402692,,,,,,,-146.0236273492138,,,,,,,
57.4783777931889,,,,,,,,-139.9279572205616,,,,,,,
52.31255313684817,,,,,,,-135.4021998698108,,,,,,,
46.98165996441201,,,,,,,-131.9173817772292,,,,,,,
41.53922451464233,,,,,,,-129.140667449397,,,,,,,,
36.01831080868431,,,,,,,-126.857525541221,,,,,,,,
30.44048941104898,,,,,,,-124.9247619949073,,,,,,,
24.82064106074519,,,,,,,-123.2430132193047,,,,,,,
19.16963713018559,,,,,,,-121.7404023972588,,,,,,,
13.49594154758095,,,,,,,-120.3625253985078,,,,,,,
7.806575041375112,,,,,,,-119.0660319743526,,,,,,,
2.10775800049602,,,,,,,,-117.8142774993108,,,,,,,
-3.594693114644754,,,,,,-116.5741167308405,,,,,,,
-9.294458759232358,,,,,,-115.3134042963785,,,,,,,
-14.98544935929047,,,,,,-113.9982931367998,,,,,,,
-20.66117787121476,,,,,,-112.5905521653971,,,,,,,
-26.31404018318311,,,,,,-111.0441608010075,,,,,,,
-31.93460290690319,,,,,,-109.3004899507301,,,,,,,
-37.51065635139061,,,,,,-107.2810095764754,,,,,,,
-43.02528137992117,,,,,,-104.8758412299728,,,,,,,
-48.45374811139492,,,,,,-101.924829092031,,,,,,,,
-53.75718585183667,,,,,,-98.18599575262854,,,,,,,
-58.8722706771138,,,,,,,-93.28137367425167,,,,,,,
-63.69130574114018,,,,,,-86.60874583959465,,,,,,,
-68.0232877314961,,,,,,,-77.23011168166853,,,,,,,
-71.52772053183674,,,,,,-63.90314326920096,,,,,,,
-73.66821609955177,,,,,,-45.9114485903495,,,,,,,,
-73.89564425812758,,,,,,-25.19952758850727,,,,,,,
-72.13877414401809,,,,,,-6.319767162596259,,,,,,,
-68.88732219565556,,,,,,8.014562209157633,,,,,,,,
-64.71006992789017,,,,,,18.14324313929322,,,,,,,,
-59.98912740710752,,,,,,25.3129304801547,,,,,,,,,
-54.94123099173613,,,,,,30.54273122164175,,,,,,,,
-49.68657216520616,,,,,,34.49922587538145,,,,,,,,
-44.29422862148932,,,,,,37.60044872187061,,,,,,,,
-38.80636195197352,,,,,,40.11196065563792,,,,,,,,
-33.24970349261932,,,,,,42.20810745047687,,,,,,,,
-27.64220695706598,,,,,,44.0076121871591,,,,,,,,,
-21.99734917147751,,,,,,45.59443054516982,,,,,,,,
-16.32517952558315,,,,,,47.03078390663705,,,,,,,,
-10.63434459124798,,,,,,48.36486316776559,,,,,,,,
-4.931532803363898,,,,,,49.63636743443594,,,,,,,,
0.7770821346552237,,,,,,50.87994340671717,,,,,,,,
6.484938253366092,,,,,,,52.12793546479429,,,,,,,,
12.18614013482346,,,,,,,53.41318763667017,,,,,,,,
17.87446735188731,,,,,,,54.77146876052745,,,,,,,,
23.54236920896881,,,,,,,56.24435947591859,,,,,,,,
29.18145883736603,,,,,,,57.88354278442469,,,,,,,,
34.78134867083462,,,,,,,59.75664885407581,,,,,,,,
40.32822504941137,,,,,,,61.95640622994522,,,,,,,,
45.8019699989618,,,,,,,,64.61523001746352,,,,,,,,
51.17208289607362,,,,,,,67.92990653361427,,,,,,,,
56.39030351900936,,,,,,,72.20405476305606,,,,,,,,
61.37534013526415,,,,,,,77.91933449872543,,,,,,,,
65.98367064777656,,,,,,,85.84279779150339,,,,,,,,
69.95491036101724,,,,,,,97.10783792446274,,,,,,,,
72.84127406719898,,,,,,,112.8882969066458,,,,,,,,
74.0469714089827,,,,,,,,132.8073774488237,,,,,,,,
73.20945788729252,,,,,,,153.1683461763583,,,,,,,,
70.59328358286965,,,,,,,169.8163153682152,,,,,,,,
66.79281372718727,,,,,,,-178.1702697665674,,,,,,,
62.29061193216772,,,,,,,-169.7291167566141,,,,,,,
57.37483248700374,,,,,,,-163.6734789576821,,,,,,,
52.20517003515453,,,,,,,-159.1740867983538,,,,,,,
46.8716772391741,,,,,,,,-155.7068989105682,,,,,,,
41.42746155028889,,,,,,,-152.9423604896626,,,,,,,
35.90525599038628,,,,,,,-150.6678103075869,,,,,,,
30.32653414805206,,,,,,,-148.7412255769168,,,,,,,
24.70596941044538,,,,,,,-147.0639158552004,,,,,,,
19.05439424732374,,,,,,,-145.5644648226942,,,,,,,
13.38027885244281,,,,,,,-144.1887658220096,,,,,,,
7.690579429418509,,,,,,,-142.8936366547823,,,,,,,
1.991553379625348,,,,,,,-141.6425467864595,,,,,,,
-3.710694596816465,,,,,,-140.4024591616619,,,,,,,
-9.410128894350757,,,,,,-139.1411637508863,,,,,,,
-15.10068120557617,,,,,,-137.8247544681204,,,,,,,
-20.77583923511465,,,,,,-136.4148890326487,,,,,,,
-26.42797403864366,,,,,,-134.8653529228515,,,,,,,
-32.04770022197716,,,,,,-133.1171770507317,,,,,,,
-37.62264078510245,,,,,,-131.0913644899439,,,,,,,
-43.13582816715889,,,,,,-128.6772207351921,,,,,,,
-48.56226242850241,,,,,,-125.7133366233653,,,,,,,
-53.86271051262523,,,,,,-121.9556296554534,,,,,,,
-58.97323020827118,,,,,,-117.0225812296454,,,,,,,
-63.78487256683888,,,,,,-110.3063079700558,,,,,,,
-68.10435539250146,,,,,,-100.8611953552686,,,,,,,
-71.58744990941609,,,,,,-87.44247761245593,,,,,,,
-73.69436986002717,,,,,,-69.36277697555943,,,,,,,
-73.88021717798252,,,,,,-48.63841856384454,,,,,,,
-72.08705888501213,,,,,,-29.83452684470798,,,,,,,
-68.81155410363279,,,,,,-15.59448125537674,,,,,,,
-64.62001269819547,,,,,,-5.537903729908224,,,,,,,
-59.89063877714269,,,,,,1.583566189135856,,,,,,,,
-54.83757827706734,,,,,,6.781784117633766,,,,,,,,
-49.57968629916495,,,,,,10.71718710717235,,,,,,,,
-44.18515626335863,,,,,,13.80402204486347,,,,,,,,
-38.69560365223956,,,,,,16.30553277872989,,,,,,,,
-33.13767273402944,,,,,,18.39455471730436,,,,,,,,
-27.52936522517793,,,,,,20.18888272539323,,,,,,,,
-21.88399210041736,,,,,,21.77196394002452,,,,,,,,
-16.2113046297193,,,,,,,23.20573092547251,,,,,,,,
-10.52008798387025,,,,,,24.53810153944213,,,,,,,,
-4.816986621851893,,,,,,25.80864461246015,,,,,,,,
0.8916938315950731,,,,,,27.0519043921997,,,,,,,,,
6.599375234058026,,,,,,,28.30020153468525,,,,,,,,
12.30024366975033,,,,,,,29.58642555527187,,,,,,,,
17.98812589479552,,,,,,,30.9464395142813,,,,,,,,,
23.65567998742936,,,,,,,32.42203710067625,,,,,,,,
29.29425206004683,,,,,,,34.06510028235228,,,,,,,,
34.89336223967496,,,,,,,35.94364542750049,,,,,,,,
40.43897012756183,,,,,,,38.15096619857263,,,,,,,,
45.91100603340026,,,,,,,40.82054530634588,,,,,,,,
51.27852260064927,,,,,,,44.15069279578071,,,,,,,,
56.49285667004882,,,,,,,48.44772778422977,,,,,,,,
61.47185670684084,,,,,,,54.19773760040057,,,,,,,,
66.07039783395362,,,,,,,62.17455469172423,,,,,,,,
70.02533503409603,,,,,,,73.51891887308085,,,,,,,,
72.88454072641731,,,,,,,89.39521476349093,,,,,,,,
74.05161490665044,,,,,,,109.3705696248292,,,,,,,,
73.17418595387217,,,,,,,129.692000452684,,,,,,,,,
70.52848246323424,,,,,,,146.2469331384677,,,,,,,,
66.70991628583681,,,,,,,158.1770259053376,,,,,,,,
62.19709163219716,,,,,,,166.5602537699699,,,,,,,,
57.27490608756204,,,,,,,172.5779480891329,,,,,,,,
52.1011443737187,,,,,,,,177.0523808753105,,,,,,,,
46.76496258739498,,,,,,,-179.4973101618781,,,,,,,
41.31888202658624,,,,,,,-176.7444673856326,,,,,,,
35.7953526278714,,,,,,,,-174.4782089616629,,,,,,,
30.21556999018543,,,,,,,-172.5575581936286,,,,,,,
24.59427440962142,,,,,,,-170.8845582459587,,,,,,,
18.9421602339967,,,,,,,,-169.388192788353,,,,,,,,
13.26760030439207,,,,,,,-168.0146148298203,,,,,,,
7.577587835388529,,,,,,,-166.7208288486133,,,,,,,
1.878328527576868,,,,,,,-165.4703939355483,,,,,,,
-3.823843746685645,,,,,,-164.230366449825,,,,,,,,
-9.522979346844233,,,,,,-162.9685132590834,,,,,,,
-15.21317612314047,,,,,,-161.6508368238622,,,,,,,
-20.88781163513655,,,,,,-160.2389041598383,,,,,,,
-26.53931263195187,,,,,,-158.686288464153,,,,,,,,
-32.15817020509322,,,,,,-156.9337368659941,,,,,,,
-37.73204078755435,,,,,,-154.901734885262,,,,,,,,
-43.24372418562286,,,,,,-152.4788603802854,,,,,,,
-48.6680757687234,,,,,,,-149.5024391517373,,,,,,,
-53.96557752597618,,,,,,-145.7262727347797,,,,,,,
-59.07153426421939,,,,,,-140.7654704287002,,,,,,,
-63.87590939938728,,,,,,-134.0064596266739,,,,,,,
-68.18315951349749,,,,,,-124.4961245737669,,,,,,,
-71.64533131916708,,,,,,-110.987597409907,,,,,,,,
-73.71931151249838,,,,,,-92.82360392988728,,,,,,,
-73.86478850127023,,,,,,-72.0898384213088,,,,,,,,
-72.03676031931762,,,,,,-53.36089375260222,,,,,,,
-68.73830384912118,,,,,,-39.21207433628453,,,,,,,
-64.53322824822828,,,,,,-29.22490448407482,,,,,,,
-59.79579976922223,,,,,,-22.14960347923812,,,,,,,
-54.73767329716506,,,,,,-16.98154672087632,,,,,,,
-49.47650700513219,,,,,,-13.06630440073797,,,,,,,
-44.07974434281429,,,,,,-9.993285492424267,,,,,,,
-38.588734191685,,,,,,,,-7.501529591072584,,,,,,,
-33.02969448183855,,,,,,-5.419459419985982,,,,,,,
-27.42056030320859,,,,,,-3.630153180087742,,,,,,,
-21.7745773585363,,,,,,,-2.050696423212166,,,,,,,
-16.10157739452462,,,,,,-0.6195244369272974,,,,,,
-10.4101758713353,,,,,,,0.7111045965096344,,,,,,,
-4.706952305128947,,,,,,1.980636755397701,,,,,,,,
1.001766007197924,,,,,,,3.223538870271644,,,,,,,,
6.709401528874061,,,,,,,4.472112994797717,,,,,,,,
12.41005088650906,,,,,,,5.759259585893546,,,,,,,,
18.09762479118205,,,,,,,7.12094578722807,,,,,,,,,
23.76462186303393,,,,,,,8.599078604797507,,,,,,,,
29.4024075664922,,,,,,,,10.24578765609691,,,,,,,,
35.00050777595141,,,,,,,12.1294813233501,,,,,,,,,
40.5449018300228,,,,,,,,14.34409712466262,,,,,,,,
46.0152499686418,,,,,,,,17.02404398367747,,,,,,,,
51.38025048121211,,,,,,,20.3691423059038,,,,,,,,,
56.59086623856361,,,,,,,24.68835812999858,,,,,,,,
61.56415347204204,,,,,,,30.47218177058251,,,,,,,,
66.15322612811651,,,,,,,38.50079343568568,,,,,,,,
70.09223233291513,,,,,,,49.92157648015924,,,,,,,,
72.92509773291869,,,,,,,65.88963193880694,,,,,,,,
74.05493373545305,,,,,,,85.91766632509815,,,,,,,,
73.13926264625347,,,,,,,106.1991341981797,,,,,,,,
70.4653595842418,,,,,,,,122.6645432168373,,,,,,,,
66.62954970802038,,,,,,,134.514956553602,,,,,,,,,
62.10654943776989,,,,,,,142.8430129575461,,,,,,,,
57.17815046037803,,,,,,,148.8246296220649,,,,,,,,
52.00050396019007,,,,,,,153.2752249731088,,,,,,,,
46.66192058685955,,,,,,,156.7093497517174,,,,,,,,
41.21426913442195,,,,,,,159.4509783359407,,,,,,,,
35.68960804984501,,,,,,,161.7093320468863,,,,,,,,
30.1090196535968,,,,,,,,163.6243153252248,,,,,,,,
24.48708209752908,,,,,,,165.2932532786164,,,,,,,,
18.83447290984029,,,,,,,166.7867344053479,,,,,,,,
13.15955525710703,,,,,,,168.1583375324153,,,,,,,,
7.469229741849496,,,,,,,169.4509119336874,,,,,,,,
1.769774942200176,,,,,,,170.7007861755673,,,,,,,,
-3.932640016636,,,,,,,,,171.9409009765761,,,,,,,,
-9.63193311324172,,,,,,,173.2034724609784,,,,,,,,
-15.32210295282529,,,,,,174.5225384219176,,,,,,,,
-20.99660486157626,,,,,,175.9366725243314,,,,,,,,
-26.6477891774381,,,,,,,177.4924877833348,,,,,,,,
-32.26608839316341,,,,,,179.2495436578609,,,,,,,,
-37.83908356516483,,,,,,-178.712161100096,,,,,,,,
-43.34944701547101,,,,,,-176.2804397789392,,,,,,,
-48.7718725438675,,,,,,,-173.2913531753863,,,,,,,
-54.0664201304352,,,,,,,-169.4966913311921,,,,,,,
-59.1678414657589,,,,,,,-164.5080838032909,,,,,,,
-63.96504880244009,,,,,,-157.7061771011955,,,,,,,
-68.26005984829503,,,,,,-148.1306805937875,,,,,,,
-71.70121161337931,,,,,,-134.5333556399244,,,,,,,
-73.74235528420334,,,,,,-116.2872138522072,,,,,,,
-73.847893563111,,,,,,,,-95.54712878455597,,,,,,,
-71.9857300568511,,,,,,,-76.89431133962441,,,,,,,
-68.6650045613511,,,,,,,-62.83582128767084,,,,,,,
-64.44688511736413,,,,,,-52.91673408916414,,,,,,,
-59.7018467377415,,,,,,,-45.88664683738173,,,,,,,
-54.63897376417003,,,,,,-40.74799075303927,,,,,,,
-49.37461601171074,,,,,,-36.85223654533147,,,,,,,
-43.97585025256485,,,,,,-33.7926482989086,,,,,,,,
-38.48359750263425,,,,,,-31.31035903050635,,,,,,,
-32.92372212556468,,,,,,-29.23504538030572,,,,,,,
-27.31378592462303,,,,,,-27.45053904746617,,,,,,,
-21.66718332657545,,,,,,-25.87452887216579,,,,,,,
-15.99413735328384,,,,,,-24.445881412041,,,,,,,,,
-10.3027903276622,,,,,,,-23.11694025765408,,,,,,,
-4.599795777856186,,,,,,-21.84841180605397,,,,,,,
1.108868916117146,,,,,,,-20.60582472778711,,,,,,,
6.816318890499308,,,,,,,-19.35696331005492,,,,,,,
12.51679540968069,,,,,,,-18.06886306990832,,,,,,,
18.20408627914831,,,,,,,-16.70549683109695,,,,,,,
23.87028114260126,,,,,,,-15.22491441134253,,,,,,,
29.507088480394,,,,,,,,,-13.57466965962181,,,,,,,
35.10400194582787,,,,,,,-11.68598441679218,,,,,,,
40.64686121953701,,,,,,,-9.464368175354368,,,,,,,
46.11533565452523,,,,,,,-6.774420217168781,,,,,,,
51.47797013414952,,,,,,,-3.414697332011067,,,,,,,
56.68501889505905,,,,,,,0.9261981186748763,,,,,,,
61.65269247290743,,,,,,,6.742944932292739,,,,,,,,
66.23261914113971,,,,,,,14.82221722004451,,,,,,,,
70.15606318811932,,,,,,,26.31736755995874,,,,,,,,
72.96316838100304,,,,,,,42.37354239607383,,,,,,,,
74.05686838134115,,,,,,,62.44987828100254,,,,,,,,
73.10450635411935,,,,,,,82.69015692219901,,,,,,,,
70.40386284665836,,,,,,,99.06828833470151,,,,,,,,
66.55179804837945,,,,,,,110.8423187068589,,,,,,,,
62.01933898502286,,,,,,,119.117660246561,,,,,,,,,
57.08525212941636,,,,,,,125.0649122059887,,,,,,,,
51.90424602078221,,,,,,,129.4927707896635,,,,,,,,
46.56344945583739,,,,,,,132.9116532935349,,,,,,,,
41.11430323632413,,,,,,,135.6427707212365,,,,,,,,
35.58870208124203,,,,,,,137.8936834725022,,,,,,,,
30.00745596085757,,,,,,,139.8033633698134,,,,,,,,
24.38504972612087,,,,,,,141.4685155047567,,,,,,,,
18.73202679677344,,,,,,,142.959355676193,,,,,,,,,
13.05678131491716,,,,,,,144.3291941325818,,,,,,,,
7.366202549958004,,,,,,,145.6207247151741,,,,,,,,
1.66646657123672,,,,,,,,146.8702096706034,,,,,,,,
-4.03633288190511,,,,,,,148.1105716016559,,,,,,,,
-9.735944576913024,,,,,,149.3740065354642,,,,,,,,
-15.42633629361837,,,,,,150.6946127991537,,,,,,,,
-21.10098907418097,,,,,,152.1110989157627,,,,,,,,
-26.75211457910738,,,,,,153.6702526039757,,,,,,,,
-32.37012943859416,,,,,,155.4319553234104,,,,,,,,
-37.9423682637943,,,,,,,157.4766288744,,,,,,,,,,,
-43.45150729312449,,,,,,159.9172540744847,,,,,,,,
-48.87211878997795,,,,,,162.9190428302699,,,,,,,,
-54.16390576732346,,,,,,166.73225990918,,,,,,,,,,
-59.2609962955631,,,,,,,171.7487201626101,,,,,,,,
-64.05108235761635,,,,,,178.5932651113781,,,,,,,,
-68.33391091285777,,,,,,-171.7667390152452,,,,,,,
-71.75418696424175,,,,,,-158.0820713413241,,,,,,,
-73.7628055624301,,,,,,,-139.7570602524353,,,,,,,
-73.8291339496183,,,,,,,-119.0138643397135,,,,,,,
-71.93372184149952,,,,,,-100.4374832481336,,,,,,,
-68.59148475154878,,,,,,-86.46791085208237,,,,,,,
-64.36084662348166,,,,,,-76.61522612131058,,,,,,,
-59.6085253129764,,,,,,,-69.62897904047402,,,,,,,
-54.54111288963486,,,,,,-64.5187128109623,,,,,,,,
-49.27375053418666,,,,,,-60.64173662004672,,,,,,,
-43.8731561732179,,,,,,,-57.59505122185111,,,,,,,
-38.37976887335292,,,,,,-55.12179491387205,,,,,,,
-32.81916280935027,,,,,,-53.0528922387276,,,,,,,,
-27.20856229261315,,,,,,-51.27291127655542,,,,,,,
-21.56141730491331,,,,,,-49.70009819291108,,,,,,,
-15.88836648993988,,,,,,-48.27375013528813,,,,,,,
-10.19712007049269,,,,,,-46.94629940121482,,,,,,,
-4.494354157261847,,,,,,-45.6785873045477,,,,,,,,
1.213999612813101,,,,,,,-44.43620028006644,,,,,,,
6.921267832861537,,,,,,,-43.18689364423528,,,,,,,
12.62151061651268,,,,,,,-41.89770835001151,,,,,,,
18.30816907813421,,,,,,,-40.53261444155442,,,,,,,
23.97353213752277,,,,,,,-39.04947418489246,,,,,,,
29.60928296089459,,,,,,,-37.39561511551556,,,,,,,
35.20498018098193,,,,,,,-35.50186385678078,,,,,,,
40.74627967042163,,,,,,,-33.27319362076226,,,,,,,
46.21272469970088,,,,,,,-30.57329412754318,,,,,,,
51.57284108484782,,,,,,,-27.19908380385019,,,,,,,
56.77620804422841,,,,,,,-22.83677018477734,,,,,,,
61.7383565484302,,,,,,,,-16.98735582340811,,,,,,,
66.30882413631164,,,,,,,-8.858872462312439,,,,,,,
70.21659574528469,,,,,,,2.70782528595833,,,,,,,,,
72.9983681212011,,,,,,,,18.84791417908213,,,,,,,,
74.05699840832474,,,,,,,38.96766919997947,,,,,,,,
73.06947398306004,,,,,,,59.16544242602558,,,,,,,,
70.3434966287947,,,,,,,,75.45847336001368,,,,,,,,
66.47622318368697,,,,,,,87.15906230035569,,,,,,,,
61.93499029853298,,,,,,,95.38415821186547,,,,,,,,
56.99569792396804,,,,,,,101.2987928644598,,,,,,,,
51.81153008968619,,,,,,,105.7052565462146,,,,,,,,
46.46876003226483,,,,,,,109.1097669895043,,,,,,,,
41.01828878779223,,,,,,,111.8310205539209,,,,,,,,
35.49169435405827,,,,,,,114.0750513767011,,,,,,,,
29.9097253391303,,,,,,,,115.9798539546391,,,,,,,,
24.28674125769107,,,,,,,117.6415665226307,,,,,,,,
18.6333260489715,,,,,,,,119.1300136066896,,,,,,,,
12.95773516897508,,,,,,,120.4983032344907,,,,,,,,
7.266899300285925,,,,,,,121.7889712009906,,,,,,,,
1.567040003206448,,,,,,,123.0381888619479,,,,,,,,
-4.135976434035049,,,,,,124.2788979421396,,,,,,,,
-9.835865171647061,,,,,,125.5433045631113,,,,,,,,
-15.526474325652,,,,,,,,126.8655490773701,,,,,,,,
-21.20115936977471,,,,,,128.2844358341922,,,,,,,,
-26.85225092509551,,,,,,129.8469887363741,,,,,,,,
-32.4697522022375,,,,,,,131.6132855867126,,,,,,,,
-38.04100037003646,,,,,,133.6642128865895,,,,,,,,
-43.54879928528996,,,,,,136.1135675457855,,,,,,,,
-48.967483749713,,,,,,,,139.1277423275697,,,,,,,,
-54.25642700109174,,,,,,142.9589808609714,,,,,,,,
-59.34911976174872,,,,,,148.0023547713521,,,,,,,,
-64.13214804143806,,,,,,154.8879929716916,,,,,,,,
-68.4030313896683,,,,,,,164.5898165341242,,,,,,,,
-71.80306009894541,,,,,,178.3575977338973,,,,,,,,
-73.78038710000855,,,,,,-163.2439374794618,,,,,,,
-73.80933455476945,,,,,,-142.5006072489701,,,,,,,
-71.88249523259064,,,,,,-123.9987708206222,,,,,,,
-68.51993483620004,,,,,,-110.1136678089632,,,,,,,
-64.27749961067204,,,,,,-100.3237980195525,,,,,,,
-59.51818815172639,,,,,,-93.3787417424395,,,,,,,,
-54.44659072779057,,,,,,-88.29530830432043,,,,,,,
-49.17652849111695,,,,,,-84.43604380289086,,,,,,,
-43.77422785107157,,,,,,-81.40141982636194,,,,,,,
-38.27962143464161,,,,,,-78.93650104627685,,,,,,,
-32.71810903943279,,,,,,-76.87345650580741,,,,,,,
-27.10691477991185,,,,,,-75.09764247043907,,,,,,,
-21.45944194236983,,,,,,-73.52777094709243,,,,,,,
-15.78620461980926,,,,,,-72.10341137322499,,,,,,,
-10.09497978408409,,,,,,-70.77720670708098,,,,,,,
-4.392330057504482,,,,,,-69.51008827256641,,,,,,,
1.315816843535419,,,,,,,-68.26770235619311,,,,,,,
7.022876798282185,,,,,,,-67.01779700218263,,,,,,,
12.72272797174782,,,,,,,-65.72741915655585,,,,,,,
18.4088751520583,,,,,,,,-64.36044092579338,,,,,,,
24.0735943728638,,,,,,,,-62.8745787915949,,,,,,,,
29.70853283077079,,,,,,,-61.21692897956527,,,,,,,
35.3031229271851,,,,,,,,-59.3179807885426,,,,,,,,
40.84301473746303,,,,,,,-57.08211505603043,,,,,,,
46.30761065347379,,,,,,,-54.3721066744401,,,,,,,,
49.7708519673871,,,,,,,,-52.28566863453489,,,,,,,
