sat_2.Earth.Latitude,,,sat_2.Earth.Longitude,,,
-0.1115856868738816,,,,67.07552317576895,,,,,,,
-0.1168888397745121,,,,70.62980457418367,,,,,,,
-0.1237723518283051,,,,75.87854911270878,,,,,,,
-0.1296940622396579,,,,81.36345730249749,,,,,,,
-0.134273562956521,,,,,86.87576719957829,,,,,,,
-0.1374298827652469,,,,92.39138932236068,,,,,,,
-0.1391254743550057,,,,97.90771736572374,,,,,,,
-0.1393408645523301,,,,103.4244451837415,,,,,,,
-0.1380726485864011,,,,108.9415501278299,,,,,,,
-0.1353333241134604,,,,114.4591256644263,,,,,,,
-0.1311512726976144,,,,119.977144205454,,,,,,,,
-0.1255705291794431,,,,125.4955673568642,,,,,,,
-0.1186501709803337,,,,131.0144714403999,,,,,,,
-0.1104638592022654,,,,136.5338564219186,,,,,,,
-0.1010990925415218,,,,142.0536637807842,,,,,,,
-0.09065589540465793,,,147.5739783445599,,,,,,,
-0.07924629157174497,,,153.0946937769559,,,,,,,
-0.06699239656950991,,,158.6158686436472,,,,,,,
-0.05402570632065329,,,164.1374061794577,,,,,,,
-0.04048507897356565,,,169.6593145997472,,,,,,,
-0.02651537588766435,,,175.1816184015351,,,,,,,
-0.01226618715599768,,,-179.2957596209732,,,,,,
0.00211033873970153,,,,-173.7727800097393,,,,,,
0.01646032540244353,,,,-168.2495986689882,,,,,,
0.03063098978362265,,,,-162.7261090389627,,,,,,
0.04447087322596625,,,,-157.2024772496332,,,,,,
0.05783271925549613,,,,-151.6786356928457,,,,,,
0.07057383392553554,,,,-146.1547565754245,,,,,,
0.08255860316841458,,,,-140.6308275687696,,,,,,
0.0936593895606329,,,,,-135.106851252338,,,,,,,
0.1037577771753738,,,,,-129.5828944332604,,,,,,
0.1127460129991315,,,,,-124.0589940546244,,,,,,
0.1205280255862955,,,,,-118.5352272878404,,,,,,
0.1270207049954473,,,,,-113.0115181885163,,,,,,
0.1321543107438428,,,,,-107.4880255798708,,,,,,
0.1358737447609633,,,,,-101.9647700694425,,,,,,
0.1381389784741486,,,,,-96.44175004226001,,,,,,
0.1389255009348184,,,,,-90.91909043085104,,,,,,
0.1382247396213642,,,,,-85.39678715214471,,,,,,
0.1360441216796523,,,,,-79.87487479218804,,,,,,
0.1324070203522004,,,,,-74.35333483877275,,,,,,
0.127352666786561,,,,,,-68.83228244584733,,,,,,
0.1209355707768895,,,,,-63.31169650345118,,,,,,
0.1132249896474628,,,,,-57.79156353343191,,,,,,
0.1043042046020123,,,,,-52.27189059468211,,,,,,
0.09426954811677422,,,,-46.75266894640566,,,,,,
0.08322931159528492,,,,-41.23387631932717,,,,,,
0.07130269557046484,,,,-35.71555870470208,,,,,,
0.05861814715485107,,,,-30.19767694548658,,,,,,
0.04531224212168495,,,,-24.68026508292676,,,,,,
0.03152774765998573,,,,-19.163257584111,,,,,,,,
0.01741230927946394,,,,-13.64661202311231,,,,,,
0.003116960137817422,,,-8.130357033836692,,,,,,
-0.01120605151144198,,,-2.614387705335539,,,,,,
-0.02540429091586814,,,2.901298838813509,,,,,,,
-0.03932706445787694,,,8.416724485826906,,,,,,,
-0.05282718857048346,,,13.9320121229951,,,,,,,,
-0.06576199971868021,,,19.44718823034866,,,,,,,
-0.07799503203301816,,,24.96226890787061,,,,,,,
-0.08939741410398086,,,30.47726874356225,,,,,,,
-0.09984932263816801,,,35.99229378972101,,,,,,,
-0.1092406699039507,,,,41.50728592496169,,,,,,,
-0.1174728290001641,,,,47.02236656420749,,,,,,,
-0.1244591105828466,,,,52.53757137417373,,,,,,,
-0.1301258357178372,,,,58.05297823296297,,,,,,,
-0.1344129303909887,,,,63.56855529701257,,,,,,,
-0.1372748080365219,,,,69.0844658721618,,,,,,,,
-0.1386805558882253,,,,74.60063365695903,,,,,,,
-0.1386145524311467,,,,80.11715216583083,,,,,,,
-0.1370765632843289,,,,85.63403495859939,,,,,,,
-0.1340818628550083,,,,91.15129660706884,,,,,,,
-0.1296610824335169,,,,96.66902355591267,,,,,,,
-0.1238601050142079,,,,102.1871798829834,,,,,,,
-0.116739557651161,,,,,107.7057854448631,,,,,,,
-0.1083741765404452,,,,113.2249128908475,,,,,,,
-0.09885241000544774,,,118.7444729383195,,,,,,,
-0.08827514146403366,,,124.264483035103,,,,,,,,
-0.0767547868906458,,,,129.7849505573832,,,,,,,
-0.06441405042995532,,,135.3058986647304,,,,,,,
-0.051384995099637,,,,,140.8271994826327,,,,,,,
-0.03780674700473436,,,146.3489457548128,,,,,,,
-0.02382476809391707,,,151.8710975320723,,,,,,,
-0.009589011181780934,,157.3935925165058,,,,,,,
0.004747902209783316,,,162.9164060763392,,,,,,,
0.01903207254320087,,,,168.4394323535209,,,,,,,
0.03311071600149805,,,,173.9627531960417,,,,,,,
0.04683292659057992,,,,179.4862847258509,,,,,,,
0.06005183197984638,,,,-174.9900258919634,,,,,,
0.07262615420246044,,,,-169.4662065710623,,,,,,
0.08442165374893769,,,,-163.9422829965774,,,,,,
0.09531240351557387,,,,-158.4183513947572,,,,,,
0.1051823377728998,,,,,-152.894477176432,,,,,,,
0.113926557487883,,,,,,-147.3706072537146,,,,,,
0.1214519547335129,,,,,-141.8468263632177,,,,,,
0.1276784926463126,,,,,-136.3231782158258,,,,,,
0.1325399737910723,,,,,-130.7996643901807,,,,,,
0.135984560832205,,,,,,-125.2764472111292,,,,,,
0.1379756216774849,,,,,-119.753407717981,,,,,,,
0.1384917660052329,,,,,-114.2306764043952,,,,,,
0.1375273217128904,,,,,-108.7083262132683,,,,,,
0.1350922682415099,,,,,-103.1862386354875,,,,,,
0.1312122862750707,,,,,-97.66454637142211,,,,,,
0.1259284626427743,,,,,-92.14326824633314,,,,,,
0.1192969149688675,,,,,-86.6224266551724,,,,,,,
0.1113882736754563,,,,,-81.10206247385163,,,,,,
0.1022868478995045,,,,,-75.58215065805489,,,,,,
0.09209000859959697,,,,-70.06276102433266,,,,,,
0.0809067380030106,,,,,-64.54380972662722,,,,,,
0.06885711897707533,,,,-59.02540183769833,,,,,,
0.05607025846897723,,,,-53.50744349691403,,,,,,
0.04268355349287748,,,,-47.98996443632104,,,,,,
0.02884063967374406,,,,-42.47287979418154,,,,,,
0.01469028284870849,,,,-36.95619193333027,,,,,,
0.000384458230134444,,,-31.43988464166498,,,,,,
-0.01392319820887692,,,-25.92395335031856,,,,,,
-0.02807941426586416,,,-20.40834155487173,,,,,,
-0.0419327760120367,,,,-14.89296045213413,,,,,,
-0.0553353319204017,,,,-9.377738078938288,,,,,,
-0.06814400600964649,,,-3.862700354365265,,,,,,
-0.08022258357450948,,,1.652210067688587,,,,,,,
-0.09144287535341568,,,7.167016589121185,,,,,,,
-0.1016863239609247,,,,12.6818451819487,,,,,,,,
-0.1108447660586872,,,,18.19669833609676,,,,,,,
-0.1188219071527,,,,,,,23.71165520518226,,,,,,,
-0.1255339874720323,,,,29.2266923003072,,,,,,,,
-0.1309108835803311,,,,34.74188929641986,,,,,,,
-0.1348965548366178,,,,40.25728367184512,,,,,,,
-0.1374496378161801,,,,45.77296091200034,,,,,,,
-0.1385437362146184,,,,51.28884940670436,,,,,,,
-0.1381677744762927,,,,56.80510934770804,,,,,,,
-0.1363259708368332,,,,62.32170300066879,,,,,,,
-0.1330378316301317,,,,67.83867959833083,,,,,,,
-0.1283379538899088,,,,73.3560573619813,,,,,,,,
-0.1222756395794727,,,,78.87389532917528,,,,,,,
-0.1149144817385652,,,,84.39221868354511,,,,,,,
-0.1063317698819009,,,,89.91103425965738,,,,,,,
-0.09661770757734976,,,95.43036122394848,,,,,,,
-0.0858747693850607,,,,100.9501096447955,,,,,,,
-0.07421622955386756,,,106.4703318756533,,,,,,,
-0.06176550893748092,,,111.9909656479013,,,,,,,
-0.04865450523819988,,,117.5120361663807,,,,,,,
-0.03502249771404556,,,123.0335294109369,,,,,,,
-0.02101454770040819,,,128.5554538363168,,,,,,,
-0.006780298743675832,,134.0777059848201,,,,,,,
0.007528149857741037,,,139.6002721609032,,,,,,,
0.02175771445874101,,,,145.1231513207906,,,,,,,
0.03575585698844945,,,,150.6462958614684,,,,,,,
0.0493724248494429,,,,,156.1696693617744,,,,,,,
0.06246120964717562,,,,161.6932000147631,,,,,,,
0.07488184919827842,,,,167.216896769215,,,,,,,,
0.08650091385213246,,,,172.74064321899,,,,,,,,,
0.0971939725746746,,,,,178.2644656490774,,,,,,,
0.1068464647702596,,,,,-176.2116890079391,,,,,,
0.1153550541550031,,,,,-170.6879238430469,,,,,,
0.1226289701904046,,,,,-165.1642417146605,,,,,,
0.1285907260925718,,,,,-159.6406708135574,,,,,,
0.1331769684677637,,,,,-154.1172257797748,,,,,,
0.1363390533474484,,,,,-148.5939954188398,,,,,,
0.1380436327530972,,,,,-143.0710329878845,,,,,,
0.138272913152772,,,,,,-137.5483389391637,,,,,,
0.1370247653369251,,,,,-132.0259644522698,,,,,,
0.134312680368987,,,,,,-126.5038570998558,,,,,,
0.1301657316294259,,,,,-120.9821635879442,,,,,,
0.1246280526391984,,,,,-115.4608254099032,,,,,,
0.1177584736155055,,,,,-109.9398405939299,,,,,,
0.1096300783091826,,,,,-104.4193209593058,,,,,,
0.1003292825707632,,,,,-98.89932448763045,,,,,,
0.08995480772442099,,,,-93.3798115877111,,,,,,,
0.07861684819337875,,,,-87.86076582502521,,,,,,
0.06643613908057321,,,,-82.34226489381895,,,,,,
0.05354199879751757,,,,-76.82415295846863,,,,,,
0.04007209803188775,,,,-71.30653719006676,,,,,,
0.02617003599726353,,,,-65.78935019815137,,,,,,
0.011984366332294,,,,,,-60.27258420685627,,,,,,
-0.002333085599881731,,-54.75624661229823,,,,,,
-0.0166291740461984,,,,-49.24024002783982,,,,,,
-0.03075061061912152,,,-43.72455105826421,,,,,,
-0.04454584249899232,,,-38.20917667961722,,,,,,
-0.05786689557391788,,,-32.69405861353225,,,,,,
-0.07057089137697188,,,-27.1791299966912,,,,,,,
-0.08252168720635972,,,-21.66428798941833,,,,,,
-0.09359105694658855,,,-16.14955053170476,,,,,,
-0.1036605746166034,,,,-10.63484875580218,,,,,,
-0.1126226674110906,,,,-5.120140828155363,,,,,,
-0.1203818745781254,,,,0.394636461372136,,,,,,,
-0.1268558174273221,,,,5.909543418658862,,,,,,,
-0.1319760192707393,,,,11.4245859663712,,,,,,,,
-0.1356887379730322,,,,16.93984928416301,,,,,,,
-0.1379553318849402,,,,22.45532390169712,,,,,,,
-0.1387527270461425,,,,27.97103335957565,,,,,,,
-0.1380735356179819,,,,33.48705256870304,,,,,,,
-0.1359260348780376,,,,39.00340858372864,,,,,,,
-0.1323340139727436,,,,44.52014272954592,,,,,,,
-0.1273364664871083,,,,50.03727634224825,,,,,,,
-0.1209870843532413,,,,55.55485716946405,,,,,,,
-0.1133537422148864,,,,61.07287535284345,,,,,,,
-0.1045176577081605,,,,66.59135952267262,,,,,,,
-0.09457252809739503,,,72.11035631760046,,,,,,,
-0.08362371648771962,,,77.62984745602326,,,,,,,
-0.07178725948629593,,,83.14973746274572,,,,,,,
-0.05918811355501408,,,88.67012042210507,,,,,,,
-0.04595971086426567,,,94.19089693435252,,,,,,,
-0.03224182293593391,,,99.7121280994086,,,,,,,,
-0.01817988257181466,,,105.2337242759263,,,,,,,
-0.00392297700217356,,,110.7556631755685,,,,,,,
0.0103778278004539,,,,,116.2780389436211,,,,,,,
0.02456995814595206,,,,121.8006380712596,,,,,,,
0.03850245680702048,,,,127.3235274222809,,,,,,,
0.05202659948378494,,,,132.8466708318917,,,,,,,
0.0649976802986577,,,,,138.3699942484675,,,,,,,
0.07727673772211545,,,,143.8934417698081,,,,,,,
0.08873224028815532,,,,149.417055206206,,,,,,,,
0.09924103627893836,,,,154.9407358930249,,,,,,,
0.1086901304347377,,,,,160.4644146094914,,,,,,,
0.1169779710274749,,,,,165.9880788075861,,,,,,,
0.1240154122912108,,,,,171.5116699282886,,,,,,,
0.1297268349806846,,,,,177.0351593835979,,,,,,,
0.1340508928907501,,,,,-177.4415393180793,,,,,,
0.1369413361333285,,,,,-171.9183721299498,,,,,,
0.1383672824528476,,,,,-166.3954329224576,,,,,,
0.1383137038746258,,,,,-160.8728259180631,,,,,,
0.136781488388439,,,,,,-155.3504714760122,,,,,,
0.1337873909189509,,,,,-149.8284768028807,,,,,,
0.1293636712496542,,,,,-144.3067304582463,,,,,,
0.1235579564383473,,,,,-138.7853588992517,,,,,,
0.1164325077436247,,,,,-133.2643930736825,,,,,,
0.1080634926689373,,,,,-127.7438265487993,,,,,,
0.09854026304235693,,,,-122.2237028597574,,,,,,
0.0879642767012422,,,,,-116.7040349563684,,,,,,
0.07644811342340105,,,,-111.1848631200779,,,,,,
0.0641141143266062,,,,,-105.6661686901754,,,,,,
0.05109336438996763,,,,-100.1479957735305,,,,,,
0.03752384844787768,,,,-94.63024032399561,,,,,,
0.02354992996568262,,,,-89.11302230128041,,,,,,
0.009319637956732589,,,-83.59618414638844,,,,,,
-0.00501570998529113,,,-78.07974844726492,,,,,,
-0.01930375786641329,,,-72.56364252520397,,,,,,
-0.03339222218663465,,,-67.04788102549374,,,,,,
-0.04713085599011069,,,-61.53242408584493,,,,,,
-0.06037293679438489,,,-56.0172152834298,,,,,,,
-0.07297671575428558,,,-50.50223277500442,,,,,,
-0.08480717289284537,,,-44.98739543219327,,,,,,
-0.09573734257912027,,,-39.47262259980205,,,,,,
-0.1056496343024434,,,,-33.95788417121495,,,,,,
-0.114437253228971,,,,,-28.44316591665109,,,,,,
-0.1220055570368583,,,,-22.92837016089527,,,,,,
-0.1282728364827331,,,,-17.41351672380773,,,,,,
-0.1331715402798786,,,,-11.89854805505758,,,,,,
-0.1366489442002375,,,,-6.383344720673697,,,,,,
-0.1386675998957659,,,,-0.868002088475385,,,,,,
-0.1392060200214632,,,,4.647577844115132,,,,,,,
-0.1382587180862013,,,,10.16344104645516,,,,,,,
-0.1358362411214719,,,,15.67970027192329,,,,,,,
-0.1319651298187818,,,,21.19628794288997,,,,,,,
-0.1266874884073106,,,,26.71325085612552,,,,,,,
-0.1200604260237183,,,,32.23066787690458,,,,,,,
-0.112155600673045,,,,,37.74847803838532,,,,,,,
-0.1030580512240904,,,,43.26675559707078,,,,,,,
-0.09286548693401675,,,48.78549866216338,,,,,,,
-0.08168705194159268,,,54.30472873301412,,,,,,,
-0.0696422620136142,,,,59.82441803257991,,,,,,,
-0.05685962003361867,,,65.3445402297131,,,,,,,,
-0.04347507174156285,,,70.8651367553863,,,,,,,,
-0.02963115507149582,,,76.38607587920187,,,,,,,
-0.01547459911982933,,,81.90742892458789,,,,,,,
-0.001155620337959919,,87.42914012245917,,,,,,,
0.01317404781694115,,,,92.95120101357234,,,,,,,
0.02736254454939924,,,,98.47358869134558,,,,,,,
0.04125946794031845,,,,103.9962814380795,,,,,,,
0.0547172340529826,,,,,109.5191851833735,,,,,,,
0.06759292415848552,,,,115.0422620401411,,,,,,,
0.07974966860138441,,,,120.5654961643582,,,,,,,
0.09105796822303873,,,,126.0888449452853,,,,,,,
0.1013971976367074,,,,,131.6122997828189,,,,,,,
0.1106566931887337,,,,,137.1357725220381,,,,,,,
0.1187372985089453,,,,,142.6592821276213,,,,,,,
0.1255520761077793,,,,,148.182708897482,,,,,,,,
0.1310276990753357,,,,,153.7060771283453,,,,,,,
0.1351049551266289,,,,,159.2292862455841,,,,,,,
0.137739662943429,,,,,,164.7522966604148,,,,,,,
0.13890312153765,,,,,,,170.2751315256713,,,,,,,
0.1385824071675308,,,,,175.797723559476,,,,,,,,
0.1367805906566731,,,,,-178.6799245720819,,,,,,
0.1335167997514671,,,,,-173.1579781503952,,,,,,
0.128825848094436,,,,,,-167.6363782886243,,,,,,
0.1227578909676224,,,,,-162.1151139914182,,,,,,
0.1153778720510522,,,,,-156.5941884086888,,,,,,
0.1067648905843535,,,,,-151.0736692732387,,,,,,
0.09701114578005555,,,,-145.553566039391,,,,,,,
0.08622085842576696,,,,-140.0338391233866,,,,,,
0.07450938808047751,,,,-134.5145441042162,,,,,,
0.06200172961784115,,,,-128.9956998945012,,,,,,
0.04883127114022044,,,,-123.4773506427028,,,,,,
0.03513823734031195,,,,-117.9595150214428,,,,,,
0.02106798085216621,,,,-112.4421092163486,,,,,,
0.006769828593661949,,,-106.9250998941365,,,,,,
-0.00760451233473258,,,-101.4084815245863,,,,,,
-0.02190265466582954,,,-95.89222376057516,,,,,,
-0.03597293491928146,,,-90.3763336256479,,,,,,,
-0.04966624506698771,,,-84.86074555325962,,,,,,
-0.06283733047885399,,,-79.34540594970913,,,,,,
-0.07534630497333415,,,-73.83026118011431,,,,,,
-0.08705994920975606,,,-68.31532625372549,,,,,,
-0.09785345018191323,,,-62.80052632469257,,,,,,
-0.1076115056219188,,,,-57.28577782878006,,,,,,
-0.1162295006788011,,,,-51.77101829398801,,,,,,
-0.1236146250600245,,,,-46.2562411365223,,,,,,,
-0.1296870752708415,,,,-40.74139160687838,,,,,,
-0.1343808795516155,,,,-35.22640932618327,,,,,,
-0.1376446490644063,,,,-29.71126434673927,,,,,,
-0.1394422516984044,,,,-24.19591901004537,,,,,,
-0.1397532702824803,,,,-18.68037365820472,,,,,,
-0.1385733024189001,,,,-13.16454452801956,,,,,,
-0.1359140112387662,,,,-7.648353118862692,,,,,,
-0.1318031799096382,,,,-2.131868555777948,,,,,,
-0.1262842795061678,,,,3.38500533169262,,,,,,,,
-0.1194162318109909,,,,8.902214864353416,,,,,,,
-0.111272478272319,,,,,14.41984823127082,,,,,,,
-0.1019403230568947,,,,19.93795472221919,,,,,,,
-0.09152007342058172,,,25.45650453256616,,,,,,,
-0.08012373290611716,,,30.97550124072556,,,,,,,
-0.06787373216069126,,,36.49496635354075,,,,,,,
-0.05490169270105579,,,42.01487230236324,,,,,,,
-0.04134675328742427,,,47.53523115982907,,,,,,,
-0.0273542885208637,,,,53.05598177687823,,,,,,,
-0.01307396923815446,,,58.57712694579826,,,,,,,
0.001341572244660633,,,64.09861344339249,,,,,,,
0.01573873504389025,,,,69.62046772483069,,,,,,,
0.02996406742000674,,,,75.1425976207564,,,,,,,,
0.04386635588578609,,,,80.66497495762384,,,,,,,
0.05729804063251601,,,,86.1875775779698,,,,,,,,
0.07011665816213603,,,,91.71035921371245,,,,,,,
0.0821864739968198,,,,,97.23332833952223,,,,,,,
0.09337958730541315,,,,102.7564300878288,,,,,,,
0.1035773945331788,,,,,108.2796135599999,,,,,,,
0.1126718124269758,,,,,113.8028443032671,,,,,,,
0.1205662934545909,,,,,119.3260485121616,,,,,,,
0.1271770289776613,,,,,124.8492608067603,,,,,,,
0.1324334906336946,,,,,130.3723716326556,,,,,,,
0.1362794956506122,,,,,135.8953545028741,,,,,,,
0.1386737103444974,,,,,141.4182175114165,,,,,,,
0.1395900774051558,,,,,146.9408525762046,,,,,,,
0.1390182549929184,,,,,152.463221193947,,,,,,,,
0.1369636715041985,,,,,157.985391101378,,,,,,,,
0.1334476148056955,,,,,163.5072364658211,,,,,,,
0.1285070196414773,,,,,169.0287241542542,,,,,,,
0.1221940336897862,,,,,174.5498855967949,,,,,,,
0.1145755446512749,,,,,-179.9292679433818,,,,,,
0.1057325616091944,,,,,-174.4087734943088,,,,,,
0.09575936916916437,,,,-168.8886968700537,,,,,,
0.08476234232721823,,,,-163.3690419480018,,,,,,
0.07285872941042965,,,,-157.8497525675197,,,,,,
0.06017575417938748,,,,-152.3308952195246,,,,,,
0.04684894005010339,,,,-146.8125157498797,,,,,,
0.03302036095921827,,,,-141.2945481313166,,,,,,
0.01883748538401424,,,,-135.7769872198462,,,,,,
0.004451428913259294,,,-130.2598276425065,,,,,,
-0.009984486851745099,,-124.7431395576921,,,,,,
-0.02431714381043508,,,-119.226777519523,,,,,,,
-0.03839420483053674,,,-113.7107823884631,,,,,,
-0.05206639035655555,,,-108.1951223944627,,,,,,
-0.06518907764432989,,,-102.6796629077981,,,,,,
-0.07762310941680699,,,-97.16444643017977,,,,,,
-0.08923698999325563,,,-91.64936660710227,,,,,,
-0.09990764375342046,,,-86.13441785231097,,,,,,
-0.1095219912598426,,,,-80.61954636543162,,,,,,
-0.117978030581149,,,,,-75.10466245814783,,,,,,
-0.1251856918781941,,,,-69.58975841795505,,,,,,
-0.1310679464875163,,,,-64.07481495792342,,,,,,
-0.1355616070761568,,,,-58.55979575377425,,,,,,
-0.1386180008329871,,,,-53.04461610595866,,,,,,
-0.1402034451339759,,,,-47.52918579031563,,,,,,
-0.140299663465363,,,,,-42.01355990548353,,,,,,
-0.1389041517023933,,,,-36.49770630173283,,,,,,
-0.1360302014951369,,,,-30.98156127040463,,,,,,
-0.1317068612286391,,,,-25.4650948582919,,,,,,,
-0.1259786950189083,,,,-19.94825793308754,,,,,,
-0.1189054799562719,,,,-14.43106399662573,,,,,,
-0.1105615768279888,,,,-8.913505846620179,,,,,,
-0.1010350486785894,,,,-3.395492374962742,,,,,,
-0.09042707610062188,,,2.122951332314394,,,,,,,
-0.07885074130875312,,,7.641803121983143,,,,,,,
-0.066429585761541,,,,,13.16113632845406,,,,,,,
-0.05329669238142463,,,18.6809147303626,,,,,,,,
-0.03959302643723906,,,24.20109264959845,,,,,,,
-0.0254656356499436,,,,29.72170016906338,,,,,,,
-0.01106639958039421,,,35.24268129837674,,,,,,,
0.003449866059350222,,,40.76397200592398,,,,,,,
0.01792749250568414,,,,46.28562926336252,,,,,,,
0.03221099166036854,,,,51.80756243981934,,,,,,,
0.04614763706019531,,,,57.32986663061601,,,,,,,
0.05958801758971233,,,,62.85238390547917,,,,,,,
0.0723885603243563,,,,,68.37504930231401,,,,,,,
0.08441295361230336,,,,73.89785798215175,,,,,,,
0.09553336767242292,,,,79.42077838465342,,,,,,,
0.1056317644764909,,,,,84.94373381718667,,,,,,,
0.1146013160012501,,,,,90.46671450484938,,,,,,,
0.1223472826253587,,,,,95.98968176294755,,,,,,,
0.1287880076149621,,,,,101.5125938098937,,,,,,,
0.1338557558400789,,,,,107.0354523192499,,,,,,,
0.137497242905933,,,,,,112.558169060225,,,,,,,,
0.139674314956081,,,,,,118.0807554146645,,,,,,,
0.1403641855314853,,,,,123.6031429994471,,,,,,,
0.1395597259520748,,,,,129.1253183638094,,,,,,,
0.1372695062935112,,,,,134.6472471470535,,,,,,,
0.133517695517808,,,,,,140.1689383413887,,,,,,,
0.1283439199154458,,,,,145.6903127096717,,,,,,,
0.1218028189736948,,,,,151.2113386337157,,,,,,,
0.1139634717716692,,,,,156.7320212179161,,,,,,,
0.104908787907065,,,,,,162.2523378966014,,,,,,,
0.09473464577446238,,,,167.7722708880209,,,,,,,
0.08354885391254058,,,,173.2918350837177,,,,,,,
0.07147021048575994,,,,178.8109904788879,,,,,,,
0.0586269032933863,,,,,-175.6701911393842,,,,,,
0.04515567825372722,,,,-170.1517646334528,,,,,,
0.03120005988274837,,,,-164.6337623224279,,,,,,
0.0169086717718624,,,,,-159.1161522035098,,,,,,
0.002433800419714683,,,-153.5989132717185,,,,,,
-0.01207021523357473,,,-148.082053688901,,,,,,,
-0.02644884748210762,,,-142.565544060091,,,,,,,
-0.04054892888237446,,,-137.0493710574138,,,,,,
-0.0542201821070536,,,,-131.533596234775,,,,,,,
-0.06731761280267723,,,-126.0180441516592,,,,,,
-0.07970213245224538,,,-120.5026669424601,,,,,,
-0.09124223096782305,,,-114.98748239813,,,,,,,,
-0.1018156873101258,,,,-109.4724243814092,,,,,,
-0.1113105727500239,,,,-103.957459686742,,,,,,,
-0.1196265531961866,,,,-98.4424967723056,,,,,,,
-0.1266757061669549,,,,-92.92749493630208,,,,,,
-0.1323834240604089,,,,-87.41249393547606,,,,,,
-0.1366894641135682,,,,-81.89728543840035,,,,,,
-0.1395480131919073,,,,-76.381928665532,,,,,,,,
-0.1409285231273768,,,,-70.86638474298638,,,,,,
-0.1408158918182856,,,,-65.35061305946988,,,,,,
-0.1392106354773517,,,,-59.83463119175869,,,,,,
-0.1361288815857121,,,,-54.31838759297572,,,,,,
-0.1316022242887729,,,,-48.80185627567842,,,,,,
-0.1256774337068644,,,,-43.28500637983648,,,,,,
-0.1184160320558495,,,,-37.76781222275451,,,,,,
-0.1098936276838494,,,,-32.25019541519925,,,,,,
-0.1001995377605408,,,,-26.73223813342434,,,,,,
-0.08943534945456415,,,-21.21382267405246,,,,,,
-0.07771443506781452,,,-15.69494868184756,,,,,,
-0.06516077510876991,,,-10.17567084000875,,,,,,
-0.05190752554629749,,,-4.65601795302234,,,,,,,
-0.0380952912052488,,,,0.8641317436550255,,,,,,
-0.0238716103469816,,,,6.384655689290709,,,,,,,
-0.009388415103058345,,11.90557833062939,,,,,,,
0.005199009771771717,,,17.42682474998229,,,,,,,
0.01973394174596467,,,,22.94829787965624,,,,,,,
0.03406049327001928,,,,28.47007621363883,,,,,,,
0.04802477065472308,,,,33.99219528277477,,,,,,,
0.06147633978991655,,,,39.51453729058959,,,,,,,
0.07427057742796006,,,,45.0370867403618,,,,,,,,
0.08626995812738851,,,,50.55979663571492,,,,,,,
0.09734577608022774,,,,56.0826737956862,,,,,,,,
0.1073792008799398,,,,,61.605594331745,,,,,,,,,
0.1162629347998228,,,,,67.128457107446,,,,,,,,,
0.1239024591636702,,,,,72.65127059484445,,,,,,,
0.130216748666749,,,,,,78.1740067061247,,,,,,,,
0.1351391541979237,,,,,83.69662501613929,,,,,,,
0.1386180730133977,,,,,89.21907703142379,,,,,,,
0.1406174632276779,,,,,94.74141104609807,,,,,,,
0.1411170292194672,,,,,100.2635560913925,,,,,,,
0.1401124662556666,,,,,105.7854955723744,,,,,,,
0.137615430594179,,,,,,111.3071480533813,,,,,,,
0.1336533062457877,,,,,116.8285243814804,,,,,,,
0.1282688402770237,,,,,122.3496412845654,,,,,,,
0.1215197065311985,,,,,127.870482324074,,,,,,,,
0.1134780331674406,,,,,133.3909286579493,,,,,,,
0.1042292251657475,,,,,138.9110566057518,,,,,,,
0.09387149736097099,,,,144.4308220114726,,,,,,,
0.0825144955718375,,,,,149.9502914578167,,,,,,,
0.07027870213886296,,,,155.4693747296932,,,,,,,
0.05729370173258484,,,,160.9880836031791,,,,,,,
0.04369709849136063,,,,166.5064076792402,,,,,,,
0.02963306316373882,,,,172.0243340067082,,,,,,,
0.01525077732423329,,,,177.5418701162459,,,,,,,
0.0007028792307052684,,-176.9409705293381,,,,,,
-0.01385605441605735,,,-171.4241524585342,,,,,,
-0.02827135622514516,,,-165.9076425254456,,,,,,
-0.0423896599761658,,,,-160.3914085781548,,,,,,
-0.05606068874184501,,,-154.8754208156078,,,,,,
-0.0691389243633166,,,,-149.3596252182056,,,,,,
-0.08148493452101621,,,-143.8440569309649,,,,,,
-0.09296721540895511,,,-138.3287153256811,,,,,,
-0.1034637918364328,,,,-132.8134629464233,,,,,,
-0.1128628837306995,,,,-127.2983547146556,,,,,,
-0.1210648594580644,,,,-121.783237186719,,,,,,,
-0.1279826977653591,,,,-116.2680729545096,,,,,,
-0.1335430693255116,,,,-110.7528981959712,,,,,,
-0.1376873213200312,,,,-105.2376051571631,,,,,,
-0.1403717889820299,,,,-99.72218798890842,,,,,,
-0.1415683575905625,,,,-94.20658194293104,,,,,,
-0.1412646220418295,,,,-88.69063838279776,,,,,,
-0.1394640258428475,,,,-83.17450872980488,,,,,,
-0.1361857589924615,,,,-77.65807094123406,,,,,,
-0.1314645492298752,,,,-72.14133788498252,,,,,,
-0.1253502193454585,,,,-66.62428021235679,,,,,,
-0.1179072254679271,,,,-61.10691859535702,,,,,,
-0.1092139342838276,,,,-55.58926483706841,,,,,,
-0.09936157154326138,,,-50.07120075061415,,,,,,
-0.08845386247341862,,,-44.55281323772485,,,,,,
-0.07660537825041726,,,-39.03403563364544,,,,,,
-0.06394065365946623,,,-33.51481304496508,,,,,,
-0.0505931751560199,,,,-27.99518829618089,,,,,,
-0.03670364892952722,,,-22.47512564700525,,,,,,
-0.02241882000342407,,,-16.95461495772135,,,,,,
-0.007890092137211237,,-11.43370906578121,,,,,,
0.006728266791786007,,,-5.912432036357431,,,,,,
0.02128049087444864,,,,-0.3908749575373804,,,,,
0.03561121754690384,,,,5.130895275278237,,,,,,,
0.04956745250160097,,,,10.65295156829047,,,,,,,
0.0629993912765011,,,,,16.17517651917923,,,,,,,
0.07576293981342921,,,,21.6976044986701,,,,,,,,
0.08772069683268113,,,,27.22016631168515,,,,,,,
0.09874399808285765,,,,32.74290765448364,,,,,,,
0.108713766529808,,,,,,38.26569106693262,,,,,,,
0.1175225566906456,,,,,43.78853315953501,,,,,,,
0.1250753343994455,,,,,49.31137496295261,,,,,,,
0.1312907514933392,,,,,54.83418803664025,,,,,,,
0.1361018960740493,,,,,60.35679651226278,,,,,,,
0.139457388253496,,,,,,65.87921023741666,,,,,,,
0.1413216468455454,,,,,71.40141273629636,,,,,,,
0.1416752802425295,,,,,76.9233995555638,,,,,,,,
0.1405152661005626,,,,,82.44508969768009,,,,,,,
0.1378549173987195,,,,,87.96650605931876,,,,,,,
0.1337236307785532,,,,,93.48765926323986,,,,,,,
0.1281665490517222,,,,,99.00851504690303,,,,,,,
0.1212439778267239,,,,,104.5290520840735,,,,,,,
0.1130306431146872,,,,,110.0492667104285,,,,,,,
0.1036148345005162,,,,,115.569159486798,,,,,,,,
0.0930975079171521,,,,,121.0886869427443,,,,,,,
0.08159094259355835,,,,126.6078886874675,,,,,,,
0.06921774067574962,,,,132.1267674945995,,,,,,,
0.05610969840217329,,,,137.6452331170186,,,,,,,
0.04240560271331243,,,,143.163447892176,,,,,,,,
0.0282510908536693,,,,,148.6812836906403,,,,,,,
0.01379621049536563,,,,154.1987192650158,,,,,,,
-0.0008060268966023312,159.7158012115944,,,,,,,
-0.01540119557805168,,,165.2325766961582,,,,,,,
-0.02983455904722003,,,170.7490293056744,,,,,,,
-0.0439532225368508,,,,176.2651715464019,,,,,,,
-0.05760766175919018,,,-178.218915085154,,,,,,,
-0.07065315424091703,,,-172.7031366349618,,,,,,
-0.08295093346334229,,,-167.1875527520074,,,,,,
-0.09437052411066525,,,-161.6720056214148,,,,,,
-0.1047901391800998,,,,-156.156582517812,,,,,,,
-0.1140987375256266,,,,-150.6413015142583,,,,,,
-0.1221973262828973,,,,-145.1260103219623,,,,,,
-0.1289994685725863,,,,-139.6107393120666,,,,,,
-0.1344327025713292,,,,-134.0954181893806,,,,,,
-0.1384391478325287,,,,-128.5800018399128,,,,,,
-0.1409761890513632,,,,-123.0644320667295,,,,,,
-0.1420169219187667,,,,-117.5486532511825,,,,,,
-0.1415504537846839,,,,-112.0326774862434,,,,,,
-0.1395820118295847,,,,-106.5164177289276,,,,,,
-0.1361328505497497,,,,-100.9998569958632,,,,,,
-0.1312399407816564,,,,-95.48291450196515,,,,,,
-0.1249557048493496,,,,-89.96565081312195,,,,,,
-0.1173471661110303,,,,-84.44799196094347,,,,,,
-0.1084954785316444,,,,-78.92999397699144,,,,,,
-0.0984948255406381,,,,-73.41166874519487,,,,,,
-0.08745144272323661,,,-67.89303706556639,,,,,,
-0.07548230826489413,,,-62.37405616605032,,,,,,
-0.06271410168476121,,,-56.8547268336612,,,,,,,
-0.04928150208550611,,,-51.33493085670008,,,,,,
-0.03532659178040511,,,-45.81476316259607,,,,,,
-0.02099688248347532,,,-40.29430000239204,,,,,,
-0.006443252366104827,,-34.77339682628376,,,,,,
0.008180468707929864,,,-29.2521181699364,,,,,,,
0.02271959854703997,,,,-23.73052557152846,,,,,,
0.03702029491743663,,,,-18.20863471580991,,,,,,
0.05093100372323754,,,,-12.68646209630113,,,,,,
0.06430389727073482,,,,-7.164076525391912,,,,,,
0.07699643746878639,,,,-1.641603318148798,,,,,,
0.08887334352163354,,,,3.880973429141402,,,,,,,
0.09980753111621392,,,,9.403595359674888,,,,,,,
0.1096818134273568,,,,,14.92627852254214,,,,,,,
0.1183898902731075,,,,,20.44895205897515,,,,,,,
0.1258379427012893,,,,,25.97170094725336,,,,,,,
0.1319451227710623,,,,,31.49435275527252,,,,,,,
0.1366451987822736,,,,,37.01699988546815,,,,,,,
0.1398867844106796,,,,,42.53950193445379,,,,,,,
0.1416343363250557,,,,,48.06181726603548,,,,,,,
0.1418684891967021,,,,,53.58381257606448,,,,,,,
0.1405863367129501,,,,,59.10553923952718,,,,,,,
0.1378014611244856,,,,,64.62688629979728,,,,,,,
0.1335437238373472,,,,,70.14789969251301,,,,,,,
0.1278589183796865,,,,,75.66861316098203,,,,,,,
0.1208083948533221,,,,,81.18895461882623,,,,,,,
0.1124682083073158,,,,,86.70891176273506,,,,,,,
0.1029281295091891,,,,,92.22855245648674,,,,,,,
0.0922909436518189,,,,,97.74782122767813,,,,,,,
0.08067099312286649,,,,103.2667230684161,,,,,,,
0.06819286011176644,,,,108.7853101148,,,,,,,,,,
0.05499031712118833,,,,114.3035301489621,,,,,,,
0.04120431382978747,,,,119.8214625384415,,,,,,,
0.02698199781727833,,,,125.3390824359739,,,,,,,
0.01247482952425225,,,,130.856391260722,,,,,,,,
-0.002163119336348303,,136.3734488655975,,,,,,,
-0.01677601823688341,,,141.8900850441551,,,,,,,
-0.03120931658638232,,,147.4064347134474,,,,,,,
-0.04531026744038798,,,152.9225369495088,,,,,,,
-0.05892964823790183,,,158.4383929133872,,,,,,,
-0.07192348493233144,,,163.9540451183464,,,,,,,
-0.08415456792584056,,,169.4696101307574,,,,,,,
-0.09549335123101481,,,174.985054131335,,,,,,,,
-0.1058198702021004,,,,-179.4995504651461,,,,,,
-0.1150245946323073,,,,-173.9842160666149,,,,,,
-0.1230099964783713,,,,-168.468797691978,,,,,,,
-0.1296911395267256,,,,-162.9532431186546,,,,,,
-0.1349966206201841,,,,-157.4376997652662,,,,,,
-0.1388698778286415,,,,-151.922072385808,,,,,,,
-0.1412694260980216,,,,-146.4063472161641,,,,,,
-0.1421694573123996,,,,-140.8904526548721,,,,,,
-0.141560104166143,,,,,-135.3743456618719,,,,,,
-0.1394476156676523,,,,-129.8579928141626,,,,,,
-0.1358543384928908,,,,-124.341373334231,,,,,,,
-0.1308184261339893,,,,-118.824393406567,,,,,,,
-0.1243935590229366,,,,-113.3070516690249,,,,,,
-0.1166483053810208,,,,-107.789325332002,,,,,,,
-0.1076653467315247,,,,-102.2711742428448,,,,,,
-0.09754067575006169,,,-96.75261005315211,,,,,,
-0.08638235494823389,,,-91.23359082085112,,,,,,
-0.07430988557090347,,,-85.71429505514858,,,,,,
-0.06145175675443113,,,-80.19458669578054,,,,,,
-0.04794527968837858,,,-74.67460186354256,,,,,,
-0.03393385726638302,,,-69.15421592174617,,,,,,
-0.01956657159759999,,,-63.63351817219985,,,,,,
-0.004995774414470692,,-58.11248138563144,,,,,,
0.009623968452674414,,,-52.59118033025669,,,,,,
0.02413809556604733,,,,-47.06956304567119,,,,,,
0.03839326917784261,,,,-41.54759221769427,,,,,,
0.05223863995740419,,,,-36.02536552605513,,,,,,
0.06552802325071336,,,,-30.50286800784659,,,,,,
0.07812088660741581,,,,-24.98016916090469,,,,,,
0.08988386619474248,,,,-19.45740467937851,,,,,,
0.1006925710895795,,,,,-13.93457020681681,,,,,,
0.1104323642565741,,,,,-8.411742684257964,,,,,,
0.1189998704647489,,,,,-2.888910042886619,,,,,,
0.1263037093487978,,,,,2.633820395266403,,,,,,,
0.132265822170071,,,,,,8.156442304806065,,,,,,,
0.1368221242461886,,,,,13.67893350701414,,,,,,,
0.139923264611539,,,,,,19.20128843112059,,,,,,,
0.1415351917866259,,,,,24.72352326616078,,,,,,,
0.1416395731333989,,,,,30.24557891049558,,,,,,,
0.1402341384927775,,,,,35.76741832634121,,,,,,,
0.1373328187030358,,,,,41.28893708177321,,,,,,,
0.1329655974164259,,,,,46.81014596825179,,,,,,,
0.1271783908942429,,,,,52.3309300425158,,,,,,,,
0.120032409040099,,,,,,57.85130135617151,,,,,,,
0.1116036347227024,,,,,63.37124288666671,,,,,,,
0.101982006695624,,,,,,68.89073644374683,,,,,,,
0.09127019889008757,,,,74.40988574842147,,,,,,,
0.07958299806371665,,,,79.92863872107419,,,,,,,
0.06704574257333624,,,,85.44696842176238,,,,,,,
0.05379242220616028,,,,90.96506592434369,,,,,,,
0.0399655973303959,,,,,96.48273953125624,,,,,,,
0.02571306267663228,,,,102.0001490426247,,,,,,,
0.01118764225673238,,,,107.5172153033615,,,,,,,
-0.003455519495479786,,113.0340230776711,,,,,,,
-0.01806014356286835,,,118.5506205700322,,,,,,,
-0.03247037646487784,,,124.0669697926912,,,,,,,
-0.04653273965762074,,,129.5830470972745,,,,,,,
-0.06009788528442372,,,135.0988929490036,,,,,,,
-0.07302187740750024,,,140.6144997809452,,,,,,,
-0.08516789019168158,,,146.1298945646105,,,,,,,
-0.09640783393446696,,,151.6452652099729,,,,,,,
-0.1066227492713289,,,,157.1605313068698,,,,,,,
-0.1157049995593122,,,,162.6758230640664,,,,,,,
-0.1235587711122605,,,,168.1912044589894,,,,,,,
-0.1301010847155756,,,,173.7066541339712,,,,,,,
-0.1352629138344644,,,,179.2222782791155,,,,,,,
-0.1389896047712918,,,,-175.2619212280746,,,,,,
-0.1412416292236277,,,,-169.745882245721,,,,,,,
-0.1419949328184326,,,,-164.2296795495274,,,,,,
-0.1412413485863922,,,,-158.7133291698638,,,,,,
-0.1389886244529777,,,,-153.1967580396747,,,,,,
-0.1352603242329911,,,,-147.6798755553663,,,,,,
-0.1300957153635972,,,,-142.1626750723632,,,,,,
-0.1235494179698362,,,,-136.6451622206255,,,,,,
-0.1156907407098624,,,,-131.127262229353,,,,,,,
-0.1066032459109457,,,,-125.6090233275398,,,,,,
-0.09638351839248452,,,-120.0903614657483,,,,,,
-0.08514051579942723,,,-114.571295508857,,,,,,,
-0.07299408891649593,,,-109.0517688451909,,,,,,
-0.06007402917725786,,,-103.5318174732266,,,,,,
-0.04651839867430584,,,-98.0114462444288,,,,,,,
-0.03247225954072475,,,-92.49073406562974,,,,,,
-0.01808568455472483,,,-86.96967945164855,,,,,,
-0.003512518489478291,,-81.4483697774411,,,,,,,
0.01109184533367721,,,,-75.92678053578047,,,,,,
0.02557186165346795,,,,-70.40489369445123,,,,,,
0.03977330883382727,,,,-64.88277942777455,,,,,,
0.05354532867490805,,,,-59.36045267200387,,,,,,
0.06674196340516882,,,,-53.83789406750943,,,,,,
0.07922338948902548,,,,-48.31517498267855,,,,,,
0.09085772260430398,,,,-42.79231238908511,,,,,,
0.1015222079723745,,,,,-37.26933248914063,,,,,,
0.1111045262261011,,,,,-31.7462334112377,,,,,,,
0.1195037160346055,,,,,-26.22310286372685,,,,,,
0.1266313168726089,,,,,-20.70007970508219,,,,,,
0.1324124370584958,,,,,-15.17721428693733,,,,,,
0.1367863109950343,,,,,-9.654579680274761,,,,,,
0.1397070009062715,,,,,-4.132087978042031,,,,,,
0.1411436005740694,,,,,1.390189411642521,,,,,,,
0.1410807344442523,,,,,6.912256291559927,,,,,,,
0.1395187142492465,,,,,12.43400164065901,,,,,,,
0.1364735374215458,,,,,17.95547560331712,,,,,,,
0.1319767981746882,,,,,23.47663464796304,,,,,,,
0.1260754111822993,,,,,28.99745251291466,,,,,,,
0.1188311056806658,,,,,34.51796425990026,,,,,,,
0.1103200300721772,,,,,40.03811534853108,,,,,,,
0.100632043464432,,,,,,45.55780366834581,,,,,,,
0.08986946616987206,,,,51.07707656788313,,,,,,,
0.07814651180822541,,,,56.59585522800165,,,,,,,
0.06558758768595503,,,,62.11420048845483,,,,,,,
0.05232631387409089,,,,67.63213927047011,,,,,,,
0.03850406514224497,,,,73.14968820261826,,,,,,,
0.02426847886351169,,,,78.66684230273592,,,,,,,
0.009771586419455469,,,84.1836731855884,,,,,,,,
-0.004831636460926172,,89.70024009709006,,,,,,,
-0.01938484460625617,,,95.21654050057688,,,,,,,
-0.03373249276140582,,,100.7326768171226,,,,,,,
-0.04772096123093458,,,106.2486285231129,,,,,,,
-0.06120053016909102,,,111.7643496263787,,,,,,,
-0.07402767442668196,,,117.2800440979743,,,,,,,
-0.08606518203567851,,,122.7955600225298,,,,,,,
-0.09718492062234457,,,128.3109177380438,,,,,,,
-0.1072689095006709,,,,133.8262174407217,,,,,,,
-0.1162102546564025,,,,139.3414956291653,,,,,,,
-0.1239144093961024,,,,144.8568015744056,,,,,,,
-0.1303000686008008,,,,150.3721523835299,,,,,,,
-0.13530013489796,,,,,,155.8876869520753,,,,,,,
-0.1388620752689972,,,,161.4033979497883,,,,,,,
-0.1409486607099263,,,,166.9193361591691,,,,,,,
-0.1415382373484788,,,,172.4354947335268,,,,,,,
-0.140624930722422,,,,,177.9520222039365,,,,,,,
-0.1382186753788462,,,,-176.5311326849861,,,,,,
-0.134345142085477,,,,,-171.0139489195792,,,,,,
-0.1290456152213218,,,,-165.4965530063244,,,,,,
-0.1223762051735528,,,,-159.978803298416,,,,,,,
-0.1144076397466285,,,,-154.4607257775988,,,,,,
-0.1052243713434607,,,,-148.9422979615444,,,,,,
-0.09492366546035831,,,-143.4234436877917,,,,,,
-0.08361495561871664,,,-137.9042131909225,,,,,,
-0.07141837230918735,,,-132.3845800061625,,,,,,
-0.05846360128959441,,,-126.8645077535999,,,,,,
-0.04488868864235668,,,-121.3440145381194,,,,,,
-0.03083836581968858,,,-115.8230786038704,,,,,,
-0.01646286372324603,,,-110.301782335272,,,,,,,
-0.001915725595135231,,-104.7800927138142,,,,,,
0.01264736495586133,,,,-99.25805916049639,,,,,,
0.02707035916707885,,,,-93.73579019558819,,,,,,
0.04119902843365375,,,,-88.2132812634952,,,,,,,
0.05488213170925804,,,,-82.6906256305093,,,,,,,
0.06797365811963818,,,,-77.16778911010736,,,,,,
0.0803338553564847,,,,,-71.64484426950621,,,,,,
0.09183124819483157,,,,-66.12176178873698,,,,,,
0.1023435618659089,,,,,-60.59863965716278,,,,,,
0.1117596534552971,,,,,-55.07538576276689,,,,,,
0.1199798942958637,,,,,-49.5521423510531,,,,,,,
0.1269178499456982,,,,,-44.02893511570267,,,,,,
0.132500943743419,,,,,,-38.5057517638284,,,,,,,
0.1366710206399702,,,,,-32.98268346082333,,,,,,
0.1393850555044657,,,,,-27.45982805618066,,,,,,
0.1406155390850726,,,,,-21.93730767084732,,,,,,
0.1403506851026688,,,,,-16.41505234405351,,,,,,
0.138594381112231,,,,,,-10.8931471331752,,,,,,,
0.1353661053347164,,,,,-5.371564855352374,,,,,,
0.1307007227982154,,,,,0.1496385462644614,,,,,,
0.1246480423117852,,,,,5.670456887741506,,,,,,,
0.1172721945937659,,,,,11.19095858025886,,,,,,,
0.108651251038753,,,,,,16.71107493405669,,,,,,,
0.09887615193402874,,,,22.23083688926481,,,,,,,
0.0880501203294521,,,,,27.75017204872972,,,,,,,
0.07628716136784482,,,,33.269163513049,,,,,,,,,
0.06371152497693246,,,,38.78774494766077,,,,,,,
0.05045621337842145,,,,44.30584622951062,,,,,,,
0.03666140812087935,,,,49.82348001458966,,,,,,,
0.02247299594645754,,,,55.34074224661805,,,,,,,
0.00804160576785188,,,,60.85760008546084,,,,,,,
-0.006479448205074127,,66.37408435129116,,,,,,,
-0.02093577832431513,,,71.89028170372569,,,,,,,
-0.03517324947494055,,,77.40621056050892,,,,,,,
-0.04903987304445345,,,82.92190552866029,,,,,,,
-0.06238750167036596,,,88.4374311022468,,,,,,,,
-0.07507334138349193,,,93.95283376739864,,,,,,,
-0.08696160471877887,,,99.4681699276948,,,,,,,,
-0.09792501600451413,,,104.9835066567751,,,,,,,
-0.1078461096293623,,,,110.498858551643,,,,,,,,
-0.1166185887444431,,,,116.0141890816034,,,,,,,
-0.1241487114675362,,,,121.5295312323114,,,,,,,
-0.1303561622442234,,,,127.0449114439683,,,,,,,
-0.1351749754356327,,,,132.5604228104152,,,,,,,
-0.1385540715969986,,,,138.076087180488,,,,,,,,
-0.140457883938941,,,,,143.5919487197941,,,,,,,
-0.1408666656125744,,,,149.1080648731647,,,,,,,
-0.1397766324722723,,,,154.6244997190967,,,,,,,
-0.1371999690528005,,,,160.1412739815449,,,,,,,
-0.1331646416691091,,,,165.6584354474704,,,,,,,
-0.1277141189539677,,,,171.1759671927773,,,,,,,
-0.1209066901784867,,,,176.6939798290026,,,,,,,
-0.1128151812380099,,,,-177.7876135181554,,,,,,
-0.1035260268399958,,,,-172.2688937694312,,,,,,
-0.09313803346936012,,,-166.7497838866029,,,,,,
-0.08176182637750319,,,-161.230343973306,,,,,,,
-0.06951820723433033,,,-155.7105035837765,,,,,,
-0.05653734846296492,,,-150.1902834391535,,,,,,
-0.04295717020066947,,,-144.6696574056992,,,,,,
-0.02892213856113959,,,-139.1486457018926,,,,,,
-0.01458156041276003,,,-133.6272270685382,,,,,,
-8.821217013753388e-05,-128.1054123716456,,,,,,
0.01440319202040405,,,,-122.5832632679396,,,,,,
0.02873798895453229,,,,-117.0607734160392,,,,,,
0.04276302798197421,,,,-111.5379289580804,,,,,,
0.05632785995871317,,,,-106.0149067433832,,,,,,
0.06928753596991978,,,,-100.4916130533097,,,,,,
0.0815028911792377,,,,,-94.96822568131184,,,,,,
0.09284315431509241,,,,-89.4447537920493,,,,,,,
0.1031868479876163,,,,,-83.9212808455153,,,,,,,
0.1124234575900995,,,,,-78.39781149918383,,,,,,
0.120454487219193,,,,,,-72.87434315626308,,,,,,
0.1271944830991627,,,,,-67.35091455828653,,,,,,
0.1325720267504212,,,,,-61.82759123760982,,,,,,
0.1365305839472237,,,,,-56.3043806743161,,,,,,,
0.1390289663572702,,,,,-50.78138040095989,,,,,,
0.1400418618821252,,,,,-45.25855022256582,,,,,,
0.1395599283844609,,,,,-39.73601650071691,,,,,,
0.1375898733437772,,,,,-34.21372515725684,,,,,,
0.1341543067166344,,,,,-28.69177210531384,,,,,,
0.1292914613236531,,,,,-23.17025687638613,,,,,,
0.1230545679857056,,,,,-17.64917776384162,,,,,,
0.1155112087933002,,,,,-12.12851547588446,,,,,,
0.1067425278666698,,,,,-6.608239480577547,,,,,,
0.09684249055915439,,,,-1.08839977682765,,,,,,,
0.08591665708955999,,,,4.431010742591438,,,,,,,
0.07408105651310144,,,,9.950034759127252,,,,,,,
0.06146126308312288,,,,15.46861999707317,,,,,,,
0.04819079201399532,,,,20.98677314235599,,,,,,,
0.03440974514442057,,,,26.50454502625814,,,,,,,
0.02026345862994939,,,,32.0220028129219,,,,,,,,
0.005901426534901683,,,37.53908617952825,,,,,,,
-0.008524525700645848,,43.05573724036513,,,,,,,
-0.02286206485579601,,,48.57200580906918,,,,,,,
-0.03695978420390696,,,54.08800708175007,,,,,,,
-0.05066825455841191,,,59.6037281071986,,,,,,,,
-0.06384191248758457,,,65.11915134459635,,,,,,,
-0.07634102572479272,,,70.63444479265806,,,,,,,
-0.0880323686041266,,,,76.14962463417005,,,,,,,
-0.09879114541352882,,,81.66475494081097,,,,,,,
-0.1085021070402829,,,,87.17981770832748,,,,,,,
-0.1170612238974458,,,,92.69492232104203,,,,,,,
-0.1243765130581485,,,,98.21013028746019,,,,,,,
-0.130369155825828,,,,,103.7254728266301,,,,,,,
-0.1349744902496348,,,,109.2410170265437,,,,,,,
-0.1381426736199839,,,,114.7567701521232,,,,,,,
-0.1398393481382073,,,,120.2727150139181,,,,,,,
-0.1400460717483018,,,,125.7888477539205,,,,,,,
-0.1387604967638969,,,,131.305221571222,,,,,,,,
-0.1359962943214533,,,,136.8219789202329,,,,,,,
-0.1317831420416246,,,,142.3390496628098,,,,,,,
-0.1261662825097533,,,,147.8564715814995,,,,,,,
-0.1192059065226864,,,,153.3743551419326,,,,,,,
-0.1109767020858168,,,,158.8926818127992,,,,,,,
-0.1015668281612238,,,,164.4114836341108,,,,,,,
-0.09107701126314455,,,169.9307734374125,,,,,,,
-0.07961935718213163,,,175.4505878186328,,,,,,,
-0.06731660570635181,,,-179.0292289043531,,,,,,
-0.05430003024274605,,,-173.5086520174747,,,,,,
-0.04070868828258152,,,-167.9877849969438,,,,,,
-0.02668711554311131,,,-162.4665140938164,,,,,,
-0.01238455379816755,,,-156.9448198293391,,,,,,
0.002046506133367133,,,-151.4227997958105,,,,,,
0.01645242211513453,,,,-145.9004698566836,,,,,,
0.03067967004260948,,,,-140.3778922451115,,,,,,
0.04457696987553009,,,,-134.854966875129,,,,,,,
0.05799598896587344,,,,-129.3317709151845,,,,,,
0.07079331243921234,,,,-123.8084100115861,,,,,,
0.08283244039345121,,,,-118.2848067871573,,,,,,
0.09398450757629492,,,,-112.7610147124895,,,,,,
0.1041299919511749,,,,,-107.2370979995805,,,,,,
0.1131599542358254,,,,,-101.7131901443353,,,,,,
0.1209776292678638,,,,,-96.18926668216407,,,,,,
0.1274990205408316,,,,,-90.66544900218545,,,,,,
0.1326541785923745,,,,,-85.14182419080397,,,,,,
0.136388047546952,,,,,,-79.61830263546329,,,,,,
0.1386607636404924,,,,,-74.09500580111083,,,,,,
0.1394484000165521,,,,,-68.57194005932735,,,,,,
0.1387431368023369,,,,,-63.04917464100855,,,,,,
0.1365533738553912,,,,,-57.52673474909987,,,,,,
0.1329035610580877,,,,,-52.00459954110733,,,,,,
0.1278340309066296,,,,,-46.48288618460795,,,,,,
0.1214003200470978,,,,,-40.96156816394042,,,,,,
0.1136724734529601,,,,,-35.44057157565179,,,,,,
0.1047345732326866,,,,,-29.92000981178224,,,,,,
0.09468332791545238,,,,-24.39985745617247,,,,,,
0.08362739178373094,,,,-18.88022555891623,,,,,,
0.07168561546395828,,,,-13.36108182212318,,,,,,
0.05898596441803003,,,,-7.84240439215935,,,,,,,
0.04566417804269594,,,,-2.324203886337163,,,,,,
0.03186199713961812,,,,3.193603581240033,,,,,,,
0.0177261557728687,,,,,8.710992065658717,,,,,,,
0.003406496158908926,,,14.22797221780715,,,,,,,
-0.01094574876369121,,,19.7446536853298,,,,,,,,
-0.02517897497292813,,,25.26104627944389,,,,,,,
-0.03914299566360745,,,30.77716021660553,,,,,,,
-0.0526906229734324,,,,36.29303539561863,,,,,,,
-0.06567899175648237,,,41.8086812789471,,,,,,,,
-0.0779711916252656,,,,47.32416099805391,,,,,,,
-0.08943723591413956,,,52.83940414992366,,,,,,,
-0.09995613404868159,,,58.35455797256881,,,,,,,
-0.1094162886979667,,,,63.86958219136354,,,,,,,
-0.1177172498649926,,,,69.38453759137944,,,,,,,
-0.1247706289009193,,,,74.89953918377743,,,,,,,
-0.1305009458069445,,,,80.41470109926045,,,,,,,
-0.1348464039734118,,,,85.93003354799316,,,,,,,
-0.1377597744888115,,,,91.44552774102033,,,,,,,
-0.1392090113434321,,,,96.96124432137763,,,,,,,
-0.1391775895373108,,,,102.4772378660283,,,,,,,
-0.1376647538754054,,,,107.9935858532793,,,,,,,
-0.1346856152063934,,,,113.5103174045277,,,,,,,
-0.130271129189434,,,,,119.0273956949975,,,,,,,
-0.1244677523006897,,,,124.544837040407,,,,,,,,
-0.1173369206808113,,,,130.0626981438404,,,,,,,
-0.1089544600369646,,,,135.5810112937895,,,,,,,
-0.09940979880021866,,,141.0997817970989,,,,,,,
-0.08880498928340649,,,146.6189996841049,,,,,,,
-0.07725349416675124,,,152.1386829699006,,,,,,,
-0.0648791000115015,,,,157.6587915941143,,,,,,,
-0.05875078271757782,,,160.2810834486577,,,,,,,
