sat_6.Earth.Latitude,,,sat_6.Earth.Longitude,,,
-0.131556573694206,,,,,119.1332064745542,,,,,,,
-2.242484748676001,,,,,119.3310633774569,,,,,,,
-4.155053991677262,,,,,119.5116728447541,,,,,,,
-6.064782001299336,,,,,119.694470895894,,,,,,,,
-7.975409523370182,,,,,119.8809697712852,,,,,,,
-9.880194427864872,,,,,120.0716727292941,,,,,,,
-11.79014918195126,,,,,120.2688908426313,,,,,,,
-13.71842425575757,,,,,120.4753699664526,,,,,,,
-15.67831202977402,,,,,120.6942051982281,,,,,,,
-17.6490110538847,,,,,,120.9248589691879,,,,,,,
-19.62104493325737,,,,,121.1679180177043,,,,,,,
-21.60542275397912,,,,,121.4265958009284,,,,,,,
-23.61612238288113,,,,,121.7050452385235,,,,,,,
-25.66755063155636,,,,,122.0082737598039,,,,,,,
-27.77430937662159,,,,,122.3423738681913,,,,,,,
-29.89739938741122,,,,,122.7053033019573,,,,,,,
-32.02727384262615,,,,,123.0992639843754,,,,,,,
-34.17540332532708,,,,,123.5308411415754,,,,,,,
-36.35672945392193,,,,,124.0089439958079,,,,,,,
-38.58703362277411,,,,,124.5450255633719,,,,,,,
-40.88267232351674,,,,,125.1539439770109,,,,,,,
-43.26080841043208,,,,,125.8553724945754,,,,,,,
-45.72812138274232,,,,,126.6719112329593,,,,,,,
-48.20349804404816,,,,,127.5986723902779,,,,,,,
-50.68782182728319,,,,,128.6585933074859,,,,,,,
-53.19270817652247,,,,,129.8872003998782,,,,,,,
-55.73153327966811,,,,,131.3348085442867,,,,,,,
-58.31727299460682,,,,,133.0733428834732,,,,,,,
-60.96156900026041,,,,,135.20880235056,,,,,,,,,
-63.67122967749518,,,,,137.9013049945182,,,,,,,
-66.44338521563999,,,,,141.4011142675826,,,,,,,
-69.25679647252957,,,,,146.1149928234165,,,,,,,
-72.05040701265054,,,,,152.7187632021776,,,,,,,
-74.59711255841837,,,,,161.9303821208758,,,,,,,
-76.63123390274605,,,,,174.5615414159758,,,,,,,
-77.83429921604051,,,,,-169.0400355197007,,,,,,
-77.88146141332992,,,,,-150.4213491713055,,,,,,
-76.66469438940824,,,,,-132.9325636222896,,,,,,
-74.36473125014591,,,,,-118.9235748232291,,,,,,
-71.25012721435868,,,,,-108.5313739596611,,,,,,
-67.51783620269023,,,,,-100.9133662132553,,,,,,
-63.27410519218712,,,,,-95.22186812569481,,,,,,
-58.56211438644886,,,,,-90.84275857430691,,,,,,
-53.39001013964753,,,,,-87.36808145985573,,,,,,
-47.74704703875981,,,,,-84.52790720387523,,,,,,
-41.61497619070538,,,,,-82.13971710544297,,,,,,
-35.16647040103862,,,,,-80.12889146960303,,,,,,
-28.62848376135326,,,,,-78.43208257165305,,,,,,
-22.05265329718438,,,,,-76.95526167851899,,,,,,
-15.4642821738988,,,,,,-75.62768182514927,,,,,,
-8.88168811388022,,,,,,-74.39648655760782,,,,,,
-2.319096347811224,,,,,-73.21971490091859,,,,,,
4.213069732502024,,,,,,-72.06114237677649,,,,,,
10.70646011004151,,,,,,-70.88658762778088,,,,,,
17.15449399198997,,,,,,-69.66033935775279,,,,,,
23.54927255088704,,,,,,-68.34182192901766,,,,,,
29.87996887486341,,,,,,-66.88108460278839,,,,,,
36.13385219240067,,,,,,-65.21161827780489,,,,,,
42.29132213766679,,,,,,-63.24067687205064,,,,,,
48.32654227844095,,,,,,-60.83091037054457,,,,,,
54.16545859135493,,,,,,-57.79150428489803,,,,,,
59.49626224067725,,,,,,-54.01858488331287,,,,,,
64.29604170597942,,,,,,-49.2156647296372,,,,,,,
68.55170067413835,,,,,,-42.9166273911881,,,,,,,
72.21002652413856,,,,,,-34.43798765432027,,,,,,
75.14825562535717,,,,,,-22.91137781512005,,,,,,
77.15668578342213,,,,,,-7.723038277703253,,,,,,
77.99930035203425,,,,,,10.3025161918176,,,,,,,,
77.60602568659866,,,,,,28.26519732168914,,,,,,,
76.18968367530144,,,,,,43.31155364061155,,,,,,,
74.08578990772546,,,,,,54.67847077516875,,,,,,,
71.56603738640366,,,,,,62.99874528670659,,,,,,,
68.7987219799066,,,,,,,69.13713400318045,,,,,,,
65.87980257720267,,,,,,73.76672786756718,,,,,,,
63.0036993911591,,,,,,,77.19948273956084,,,,,,,
60.21776387668427,,,,,,79.81547390527572,,,,,,,
57.52621376236741,,,,,,81.87209581037953,,,,,,,
54.92080053015972,,,,,,83.53380903434976,,,,,,,
52.67020973591509,,,,,,84.76551094426138,,,,,,,
