sat_2.Earth.Latitude sat_2.Earth.Longitude
52.57953927195279 -47.03489693696049
55.92905443748484 -44.22649993988597
60.69458967389046 -38.99481215428685
65.33189695580897 -31.52109874023004
69.40848935028647 -20.8908064529957
72.49213483121967 -5.903934081447976
73.99790424064145 13.47013107553813
73.49051009420846 34.05046804076564
71.13219625244453 51.42418079369521
67.49675923515196 64.1303855353918
63.09552633070714 73.06398879882244
58.24313584719631 79.44492436127757
53.11480174372351 84.15926230578079
47.80860171318257 87.77177885332672
42.38198224812301 90.63709554185922
36.87014501240355 92.98301513502769
31.29618738099436 94.96079642957555
25.67631819733493 96.6748074196281
20.0229942360921 98.20001183243137
14.34764486452307 99.59244205488864
8.658751653749395 100.8967065872468
2.963590161696421 102.1501492061341
-2.731551781139614 103.3861794301722
-8.420806217317061 104.6368747570199
-14.09813608616304 105.9353744043434
-19.75712211678343 107.3185310966754
-25.39068229920154 108.830181302346
-30.99022157281349 110.525525366116
-36.54445389585133 112.4776022654555
-42.03796125899756 114.7875332423326
-47.44881091922303 117.6013650480136
-52.74344761530009 121.1381750737628
-57.86730708304257 125.737884362437
-62.72742643334856 131.9406279005785
-67.15825855463444 140.5959689702918
-70.8621088134707 152.8955632247744
-73.34807737538438 169.8171186106161
-74.03619338764344 -169.7922357427537
-72.70834342438604 -150.1704096041743
-69.75411117131154 -134.7655007649639
-65.75698412387997 -123.7795112400727
-61.14295782187004 -116.0286475691804
-56.15924808875479 -110.4166570128851
-50.94337640340152 -106.2055908586805
-45.57389113490098 -102.9306356021998
-40.09794637959572 -100.2975637448585
-34.54656347846441 -98.11515657080683
-28.94075782837641 -96.25413935168982
-23.29624947586354 -94.62384216067866
-17.6240442613406 -93.15755087400656
-11.93264154709994 -91.80405211624166
-6.229162103508803 -90.52194657254064
-0.5198604742294022 -89.2756415838129
5.189296463265538 -88.03237440769558
10.89247086256004 -86.75960992737888
16.58351559486863 -85.4225395966706
22.25527511224473 -83.98127647407725
27.89963242660561 -82.38698743263659
33.50689260248181 -80.57647189891772
39.06370573448376 -78.4642457073039
44.5511514520955 -75.92954470879407
49.94196493620974 -72.79430662396051
55.19277569652684 -68.78687043218886
60.23217419987603 -63.47923283306636
64.93580147263869 -56.18951512753026
69.08013203779868 -45.88054341027394
72.27334593622579 -31.31147524006172
73.94147236307695 -12.2493664190985
73.61461518181852 8.420096064147922
71.39832183019413 26.18665147189638
67.85200849939358 39.28394262856028
63.50296279796893 48.49757483206017
58.68164959613356 55.06250840416654
53.57272633937996 59.89732988130697
48.27933456496247 63.59047083026206
42.86145009311615 66.511246088823
37.35592689723489 68.89612303278322
31.78652333186376 70.90175789260498
26.16985048380973 72.63582691382065
20.51897016437156 74.17528152497995
14.84550588688529 75.57749117816665
9.157692487403322 76.88799068562437
3.462976353069129 78.14459234096987
-2.232292104748543 79.38093980993298
-7.922143474694988 80.62911165970411
-13.60053885568361 81.92204540696
-19.26128256516277 83.29618935542358
-24.89731776542104 84.79460095130656
-30.50015093962866 86.47124231869131
-36.05862746686124 88.39718122843476
-41.55796974442659 90.67056542241421
-46.97703555288368 93.43259639383484
-52.28361559744906 96.89440538311752
-57.42548802261197 101.3826489006464
-62.31410185544016 107.4157649233838
-66.79219357557163 115.8118632156663
-70.57672833594992 127.7401871321591
-73.19395113494127 144.253415872697
-74.05783325951089 164.4791985760808
-72.89855544986825 -175.6461689829711
-70.06280433012599 -159.8236718082102
-66.13699919154021 -148.4919866567949
-61.56490345141629 -140.5060431971718
-56.60673702493465 -134.7406379336799
-51.40724461523077 -130.4283551196507
-46.04880207853942 -127.0849356849371
-40.58053800269438 -124.4043373437615
-35.03501007273095 -122.1884210761515
-29.43350809720388 -120.3033982776717
-23.79237996993439 -118.6559707460929
-18.12267387628564 -117.1776408216147
-12.43307961273192 -115.816116272647
-6.730698122613907 -114.5293001645192
-1.021931359799283 -113.2812495120784
4.687265618843546 -112.0390592170558
10.39104509669308 -110.7702793287101
16.08343309995611 -109.4403793813296
21.75719584376591 -108.0100935649247
27.40443643069348 -106.4315293942526
33.01555242766528 -104.6430438533481
38.57743141258727 -102.5616000429192
44.07188495062888 -100.0702113043927
49.47272990231304 -96.99697648267089
54.73835478644093 -93.08048003523029
59.80051246894114 -87.90982557152567
64.54073194471164 -80.83042553717841
68.74699093122911 -70.83746399119083
72.04492603635239 -56.68224299281573
73.87126634531906 -37.9529485425786
73.72555740595371 -17.23083367121119
71.65550085673064 0.9167981637141409
68.20208216730694 14.41233963715776
63.90745250190629 23.91519793888765
59.11851063057212 30.67039632381217
54.02968987137126 35.62958652542066
48.74948384508072 39.40569276155297
43.34069336372956 42.38327659000984
37.84154153346917 44.80802338761835
32.27686550535471 46.84202802862859
26.66354109235949 48.59647492183019
21.01515817475175 50.15039718950308
15.34351414769053 51.56254806430533
9.656902750428126 52.8793484178649
3.962806953772695 54.13913609117046
-1.73246518299684 55.3758273588348
-7.422822391297617 56.62151111906053
-13.10238375347285 57.90897644865783
-18.76485028700264 59.27421441260896
-24.40329103584149 60.75955252947037
-30.00913014862564 62.41769685443758
-35.5717340634847 64.31792452209369
-41.07679750755197 66.55547860950584
-46.50391170417353 69.26689290915452
-51.82203587333599 72.65558855352668
-56.98137351456955 77.03561201406627
-61.89745745628566 82.90443722816606
-66.42108242005077 91.04968980189251
-70.2830724544169 102.6151184187021
-73.02729736387872 118.7144812038769
-74.0652019835958 138.7425005459821
-73.0778593165941 158.8423323301035
-70.36531988278372 175.0834063828223
-66.51404418593729 -173.2282355854312
-61.98550565965088 -164.9979399276094
-57.05371252959625 -159.0732946063467
-51.87100704409264 -154.6563012999951
-46.52372883191135 -151.2422785383283
-41.06336921686901 -148.5129409913959
-35.52355062414829 -146.2626520666147
-29.92644126733477 -144.3531560046321
-24.28865944451535 -142.6882751124183
-18.62145009838011 -141.1977083462963
-12.93363854605025 -139.8280262721159
-7.232472313101827 -138.5364432991622
-1.524410783637004 -137.2866238745963
4.184636152412082 -136.0454985544853
9.888876699869295 -134.7806746776184
15.58225270234572 -133.4579449403203
21.25795810446541 -132.0385245262037
26.90799493461686 -130.4755029883017
32.52285137802157 -128.70874553121
38.08954096957722 -126.6576236960585
43.5907382744602 -124.2087510849509
49.00119277339383 -121.1962254238999
54.28108809510363 -117.3684454375205
59.36514367310829 -112.3310366810747
64.14050496343603 -105.4559322416725
68.40622410083419 -95.7711006525612
71.80517216877449 -82.02720979398416
73.7865945833438 -63.65225666894786
73.82371713175593 -42.9152815818732
71.90547390869666 -24.39864808243742
68.54984789108568 -10.49495773339359
64.31271994225497 -0.6909627227809905
59.55788511013571 6.262981616190823
54.49026407973475 11.35179701591763
49.22383208295056 15.21421095857747
43.82448326867126 18.2507247520494
38.33206015956306 20.71666495346893
32.77224325379415 22.77997282541386
27.1625905729748 24.55537017503353
21.51672741709346 26.12423086666217
15.84674768978615 27.54670545301334
10.16127914267439 28.87007762259127
4.467752671870818 30.13326700626228
-1.227403429808791 31.37045100015075
-6.918184790608261 32.61379208826622
-12.59866849660221 33.89590079066399
-18.26276607247389 35.25239849582835
-23.90349618021895 36.7248652035067
-29.51243798376517 38.36485770828188
-35.07916601764134 40.23983411782549
-40.58991470498584 42.44224465964578
-46.02497336613718 45.1041025064231
-51.3545517109202 48.42147404641514
-56.5309025361063 52.69606050286089
-61.4737141731813 58.40526859582604
-66.04128390325687 66.30646805033831
-69.97796427357081 77.51565947556917
-72.84554564403153 93.19482153060557
-74.056219316954 112.9911922399681
-73.24491597536198 133.2850718334988
-70.66136114587377 149.9451159016075
-66.88857836095015 162.0032036465082
-62.40589941031917 170.488909714278
-57.50162737793791 176.5802319811896
-52.33627209112581 -178.8933844335338
-47.00040771486772 -175.4057817925689
-41.54819852857124 -172.6258350679925
-36.01409294093569 -170.3398470459149
-30.42127547957993 -168.4049284141421
-24.78663988052894 -166.7218791989452
-19.12178338432734 -165.2185466442677
-13.43565177950902 -163.8402949000163
-7.735618522532331 -162.5436030912695
-2.028127383302501 -161.2916978822391
3.680832543407723 -160.0513491991908
9.385489837757952 -158.7902084856695
15.07988296317863 -157.4743288815696
20.75730984091532 -156.0654595816254
26.40986925018609 -154.5175964447667
32.0281431110172 -152.7720645693788
37.59952932876477 -150.7504624332714
43.1072569450594 -148.34295533913
48.52699088025785 -145.3893998539269
53.82055412904518 -141.6476820212876
58.92542575235875 -136.7394459400785
63.73443457866654 -130.0619870207265
68.05701156858858 -120.6765227043662
71.55285045429781 -107.3403039943261
73.6855080314528 -89.34024886193892
73.90640851515637 -68.62972770787857
72.14552529436754 -49.76159154330616
68.89298749377221 -35.44171468532623
64.71672489472128 -25.32434553087797
59.99789278865033 -18.16252225372167
54.95254904625846 -12.93817670989562
49.70068146242863 -8.985791646474084
44.31127107797238 -5.887928105124714
38.82594018302105 -3.379162583775773
33.27132929656685 -1.285428943748768
27.66546454216996 0.5117902946710586
22.02222276912806 2.096246963600772
16.35407869480006 3.529543378355876
10.66984632436522 4.859912137547634
4.977100723618169 6.126842986339093
-0.7178204342873167 7.364846179493981
-6.408934215053363 8.6061631176786
-12.09034577834048 9.883261893040906
-17.75595732660382 11.23136612691028
-23.39890701189525 12.69137594750631
-29.01085368278575 14.31372060987065
-34.58172329036631 16.16415154909042
-40.09810219350293 18.33237502681767
-45.54098799269924 20.94606335232192
-50.88168751099647 24.19414377288929
-56.07462185068447 28.36659427879361
-61.04330277879294 33.92140926183313
-65.65306520762535 41.58614304833632
-69.66136728481506 52.44702694164053
-72.64805233906888 67.70156822507757
-74.02932116607408 87.23206535960092
-73.39761763031829 107.6838536759661
-70.94905550795485 124.7590526501136
-67.2592840802444 137.19882843132
-62.82505028320904 145.9515392444962
-57.94972009970017 152.2174592085869
-52.80240228696012 156.8583868803114
-47.47870059136943 160.422660189706
-42.03497986531801 163.2553935388805
-36.50685119915406 165.5785864567721
-30.91834984787768 167.5400764947387
-25.28684605788245 169.2421631648498
-19.62428831249442 170.7589522403064
-13.93976940210078 172.1463448517708
-8.240772425379339 173.4486459469042
-2.53384405308992 174.7030737194862
3.175095078180532 175.9430780271572
8.880253948921464 177.2009788778012
14.57566685744075 178.5104654514904
20.25473566279456 179.9092816604065
25.90968329188335 -178.5574319826717
31.53136445522081 -176.8323472235547
37.10735310868832 -174.839253726981
42.62148315243783 -172.4716953642274
48.05028145551893 -169.5750367370381
53.35698003247229 -165.9163360618892
58.48193371643497 -161.1323607325751
63.32320018693449 -154.6449090913656
67.6999737417528 -145.5485052497869
71.28834535502376 -132.612803970379
73.56736448737209 -115.0043785014861
73.97153836733509 -94.36263934232535
72.37259384272568 -75.16584153123415
69.22789650349183 -60.42462603941217
65.11548919916684 -49.98284147541602
60.43436752278146 -42.6047322757684
55.41227390881163 -37.239395094694
50.17548532855324 -33.19351635796852
44.79629698581226 -30.03199733721203
39.31814863417239 -27.47881452221636
33.76879373609127 -25.35354052120546
28.16678221316602 -23.53369115948037
22.52636943960755 -21.93305566268121
16.86024831178185 -20.48846249864529
11.17750109941389 -19.1507082290875
5.485605896647762 -17.87964894185211
-0.2090320058198064 -16.64045545654759
-5.900381140488358 -15.40080086779421
-11.58257103020757 -14.1283390936687
-17.24952186751415 -12.7882140965161
-22.89459343722365 -11.34014656546838
-28.50946457561373 -9.734796187236165
-34.08429809356213 -7.908077775128677
-39.60612566423037 -5.772877945316937
-45.05652865726991 -3.205712947689114
-50.40785876523822 -0.02448646037977707
-55.61659383573271 4.0495588306731
-60.60980890244485 9.455706269329051
-65.25973776056706 16.89282196416925
-69.33615873332649 27.41567961101532
-72.43695584137373 42.24611781933557
-73.98512975649004 61.48091089782064
-73.5350087443895 82.05095175361866
-71.22680987488108 99.53165880153023
-67.62452899514138 112.3620365439661
-63.24156581117852 121.3918525774305
-58.39685455127189 127.8395649975745
-53.26876614179246 132.59956533038
-47.95777864467615 136.2436044033738
-42.52291735438789 139.1311570611097
-37.00118551172405 141.4928845529379
-31.41746211905451 143.481857875074
-25.78929125760451 145.2037206804952
-20.12917476788181 146.7345453256414
-14.4463605776289 148.1315553524431
-8.748465836343948 149.4398747374684
-3.042032336576257 150.6972204005041
2.666926358839726 151.9372514375206
8.372554661122813 153.1922728502934
14.0690511253448 154.4957777673215
19.74986229283927 155.8850216311943
25.40724199253013 157.4042986886158
31.03228357930132 159.1096338191595
36.612832887728 161.0751639934426
42.13324938738842 163.4040860856111
47.57093711960367 166.2457881168532
52.89035342580421 169.8243788684102
58.03465516722922 174.4886561854344
62.9068364320897 -179.2067778200725
67.3353728384504 -170.3894058356721
71.01209247965994 -157.8466586988466
73.43271448658346 -140.6424488305033
74.01911438281644 -120.1099894155135
72.58627379372545 -100.609773826036
69.55433223261342 -85.44424644865609
65.50895023739069 -74.66720184626945
60.86729609772076 -67.0641386396547
55.86933082157208 -61.55207192179506
50.64804653194194 -57.40905231609735
45.2793091414712 -54.1815438982356
39.80852103715231 -51.58241690856946
34.26438476219177 -49.42449045474873
28.66620986255447 -47.58122428383366
23.02874138783193 -45.96385640390566
17.36485599304043 -44.50755507814346
11.68359812738192 -43.16202725208041
5.992593086912033 -41.886505056786
0.2982860260271688 -40.64580844879693
-5.39328096483994 -39.40749477904233
-11.07623805130308 -38.13932230256298
-16.74461380010419 -36.80675329568355
-22.39165544409883 -35.37017639298704
-28.00931359276063 -33.78123340424865
-33.58789943349164 -31.97745901132646
-39.11486817602529 -29.87423285544469
-44.57234786131225 -27.35209704668841
-49.93386341026898 -24.23538968524417
-55.15763088080451 -20.25618902493103
-60.17420101192882 -14.9930526746085
-64.86226048212421 -7.77502561743162
-69.00338607584953 2.42026584635945
-72.21330820717162 16.82891506187176
-73.92431920207879 35.74120771106044
-73.65717453141689 56.38935396359216
-71.49445472447327 74.26373645759367
-67.98405157593271 87.49314975895692
-63.65507638053064 96.81030656031174
-58.84263724824268 103.447001413617
-53.73471970711427 108.3307380961438
-48.43687571687306 112.0575960540705
-43.0110457714835 115.0019683151845
-37.49607951134116 117.4034432451013
-31.91728649217851 119.420790173906
-26.29272344692968 121.1630248300942
-20.63515519417146 122.7083670937239
-14.95414976248159 124.1153702805019
-9.25736685397804 125.4300387858993
-3.551480374219063 126.690585729314
2.157438573235899 127.9309116036142
7.863579273634788 129.1833520787302
13.56106431848398 130.4811735250159
19.24352818509994 131.8612001569912
24.90340425071549 133.3669580593564
30.53177809648557 135.0531614814368
36.11686769110489 136.9919898697308
41.64352798381811 139.2835198720765
47.08989373086304 142.0720690717173
52.42180255147479 145.5734483399732
57.584818144129 150.1225308954984
62.48664716367673 156.2512756171446
66.96449371988794 164.7995697223194
70.72553512821469 176.9585797290388
73.2827526548681 -166.2503671117441
74.04957074849413 -145.8660075914139
72.78649297820908 -126.0907431547045
69.87217150871159 -110.5000114119216
65.89726139399622 -99.37775422829699
61.2969976262071 -91.54110471111656
56.32429826421195 -85.87666423418406
51.11926644291459 -81.63297237128297
45.76142496176775 -78.33717443172947
40.29842504412174 -75.69063517199429
34.76000041404495 -73.49909965089228
29.16589782371435 -71.63167115888731
23.53158871565276 -69.99702251390583
17.87004018073223 -68.5285667036468
12.19044190047004 -67.17492136598644
6.500477854930098 -65.89463917966039
0.8066537087759778 -64.65216956847738
-4.885009373135995 -63.41492661506487
-10.5686124290947 -62.15075909162861
-16.23817424107598 -60.82545355827979
-21.88698264574268 -59.40000429996299
-27.50720564477585 -57.82701028998566
-33.0893841694775 -56.04553982652256
-38.62126782036076 -53.97340812780418
-44.08560962267148 -51.4949852604963
-49.45697866515804 -48.44081229872404
-54.69522437397617 -44.5533671226201
-59.73418049037701 -39.4283733753031
-64.4586704886247 -32.42200003245171
-68.66160176083413 -22.54490420926065
-71.97622512097206 -8.555773452485528
-73.84639540950114 10.00978228289038
-73.76367522622979 30.69540118119217
-71.75178156586561 48.95044592246902
-68.33794853701109 62.58782007158649
-64.06581110877609 72.2037036266253
-59.28718812492347 79.03760045205028
-54.20038632378786 84.05024809627864
-48.91626213250485 87.86321904063284
-43.49982461760791 90.86656119365438
-37.99169280965265 93.30929750380014
-32.4180023856438 95.35601764232584
-26.79712031665978 97.11936520909964
-21.14226562420129 98.67975165670057
-15.4630669956203 100.0971939918633
-9.767482704327989 101.4185539849626
-4.062244330003281 102.6825910328177
1.646571787441672 103.9234817970866
7.353190856581672 105.1736113140227
13.05178937535393 106.4660717803006
18.73604201639733 107.8372533515311
24.39841988631456 109.3299137604815
30.03011232523377 110.9975353398222
35.61967107639961 112.910407370698
41.1523880745932 115.1655883157471
46.60709566496306 117.902514572348
51.95113212813507 121.3291514701981
57.13216746715396 125.7669447055776
62.06239525421461 131.7260641189032
66.58742965563206 140.0145748477197
70.42906662671972 151.7986860458039
73.11813593091273 168.169342504076
74.06350011807277 -171.6312412146065
72.97389085288712 -151.611347089037
70.18236007221184 -135.5950836662562
66.28137120085475 -124.1163505294222
61.72458162083923 -116.0369047666984
56.77826564465938 -110.2139406139701
51.59006979802821 -105.8656869583015
46.24359031051091 -102.4992163438902
40.78860063275262 -99.80366662654561
35.25607602695572 -97.57746043466106
29.66640929909746 -95.68519344989036
24.03531987886652 -94.03269836394747
18.37618045982915 -92.5516643009672
12.69845381894027 -91.18959708350091
7.009853137741189 -89.90432445292531
1.316839726262948 -88.65987845331503
-4.374594479278027 -87.42351155791789
-10.05858675644387 -86.16313291658886
-15.72916480919925 -84.84482893042373
-21.3796942451759 -83.43016056569311
-27.00246278439405 -81.87266534696965
-32.58820555052908 -80.11289386988437
-38.12496695806915 -78.0709982932336
-43.59607335232497 -75.63503347750856
-48.97704104269725 -72.64152006817947
-54.22950429302204 -68.84272506776645
-59.29016259823479 -63.85094238291629
-64.04978227165763 -57.04834197574372
-68.31186541144089 -47.47908200916533
-71.72684133894771 -33.90402793159107
-73.75188640149491 -15.70500412405626
-73.85396605184965 4.977329995960172
-71.99762651024514 23.59613046118719
-68.68480157547205 37.64848452197637
-64.47218243926521 47.57384481340063
-59.72882676965394 54.61279213904167
-54.66384238638697 59.75941205050249
-49.39392960798977 63.661579718726
-43.98712119929797 66.7259115261964
-38.48579347359369 69.21132060857764
-32.91725010860893 71.28834713849554
-27.30013001387954 73.07346412552472
-21.64788069615516 74.64943567544624
-15.97051576803097 76.07771156947911
-10.27607405719292 77.40610815950967
-4.57136237670345 78.67395299079068
1.137502191685392 79.91571384911892
6.844679640405879 81.16382507028361
12.54439428030495 82.45122496216987
18.2302596560807 83.81386844668019
23.89495385288499 85.29381479742889
29.52993877357178 86.94341678207678
35.12397889954838 88.83113490247332
40.6626480666914 91.05109725109524
46.1256056423622 93.73815823742231
51.48129186668749 97.09262656066203
56.67964983777456 101.4233145414429
61.6371497696084 107.2196959027712
66.20715509461449 115.2587167963216
70.12545185077845 126.6791615417578
72.94091307124357 142.6263585405738
74.06167360510257 162.6074110835889
73.14792419075928 -177.1606345638028
70.4837209709014 -160.722411553724
66.66005508649906 -148.8784265888122
62.14854460651792 -140.5476790583644
57.22968226315109 -134.560742255556
52.05900033760296 -130.1046169998474
46.72427300160279 -126.6654070529632
41.277632626075 -123.9195805195502
35.75124996564789 -121.6578725761422
30.16619534063788 -119.7402013340349
24.53842882954454 -118.0694509949196
18.88191415548402 -116.5755725393966
13.20632309045585 -115.204894886431
7.519195673795651 -113.9144471158447
1.827125588644843 -112.6678662214309
-3.863821386713845 -111.4322485407277
-9.547949237941445 -110.1755209642147
-15.2192750462294 -108.8640584163345
-20.87150032349149 -107.4599012938349
-26.49677680014324 -105.9175466363113
-32.08605214128084 -104.1789644542634
-37.62767736611573 -102.1665419582707
-43.10554794514135 -99.77184959496813
-48.49600324403752 -96.83715340764439
-53.76227889034022 -93.12414600830616
-58.84406899649181 -88.26070392930136
-63.63740342666344 -81.65435555105344
-67.9560407173316 -72.38244935110136
-71.46710330722783 -59.21413733807714
-73.6423565394178 -41.39827392267441
-73.92895615298401 -20.75919107534429
-72.23259930068259 -1.796133363963165
-69.02526985561937 12.67707313712249
-64.87492543481078 22.92258999328603
-60.16831075822243 30.17450089465189
-55.12589390697882 35.46009462022283
-49.87049648433866 39.45458142205496
-44.4735639110198 42.58178079508188
-38.97917792879579 45.11107368879551
-33.41589255260807 47.21920175992442
-27.80262259806226 49.02663761793579
-22.15294058481765 50.61862145167917
-16.47733273943592 52.05806372549509
-10.78401383967412 53.39375268840652
-5.079804949462409 54.66562727479671
0.6291423025897492 55.90846837252357
6.336950686073239 57.15478424419784
12.03770784308724 58.43733737150031
17.72496516892784 59.791664975557
23.39181232788116 61.25920292179167
29.02991458650575 62.8912002359221
34.62831817601689 64.75438183214605
40.17289149175684 66.94008404605422
45.64378364984137 69.57863657203784
51.01059430672269 72.86302517327525
56.22578556926383 77.09024733887743
61.20948687657589 82.72966810333389
65.82260142292797 90.52820320125338
69.81411372137966 101.5949550509916
72.75114885236131 117.1168328573367
74.04439560325464 136.8473577659497
73.30924405068278 157.2569250277338
70.77733610007228 174.1139705311305
67.03459865657393 -173.6662825111232
62.57047910714605 -165.0747248448759
57.6800501710942 -158.9173416221152
52.52740386887068 -154.3494245395652
47.20502676714229 -150.8352684260104
41.76708262728177 -148.0377258926358
36.24707171825409 -145.7395719696553
30.66680851719659 -143.7958672747342
25.04237573212622 -142.1063911132838
19.38847037324285 -140.5993324584707
13.71479997468587 -139.2197520510435
8.029021753744148 -137.923916695569
2.337762835824088 -136.6750177660548
-3.352953631501105 -135.4399490260418
-9.037349630999326 -134.186688664915
-14.70952965393961 -132.8818573239529
-20.36316711711571 -131.4880428626591
-25.99083290568988 -129.9605369441825
-31.5835008727913 -128.2427224490214
-37.12984813424998 -126.2591302340333
-42.61419794440229 -123.9047641833999
-48.01385373412759 -121.0273305807366
-53.29353858876836 -117.3975476581928
-58.39565503348649 -112.6583306524928
-63.22142436744632 -106.2414189807344
-67.5942164192362 -97.25725175486161
-71.19717451435035 -84.48956389430566
-73.51827441929896 -67.07153220250376
-73.9891500898018 -46.51553379529419
-72.45758057001804 -27.22987029112345
-69.36093511018444 -12.33018620043471
-65.2762214814444 -1.752732924191325
-60.60827520476744 5.721069015797219
-55.58951673105816 11.15134132300264
-50.349367066074 15.24161519254295
-44.96274661349613 18.43387808239572
-39.47558992163976 21.00846483294152
-33.91754991314976 23.14869532868872
-28.30816429125439 24.97910035634561
-22.66132579580777 26.58747795141235
-16.98762097915819 28.03838148443612
-11.29549862751657 29.38159381347704
-5.591930790909783 30.65766386975267
0.1168965263464244 31.90170918071224
5.825127639655729 33.14634156563037
11.52678982570742 34.42418025875535
17.2155117263252 35.77039953372824
22.88440721506636 37.22574512543405
28.52543924388512 38.84041209213049
34.1280293491104 40.6794651697301
39.67828618765616 42.83151727202615
45.15683971628388 45.42251922038336
50.53451636983431 48.63845484253807
55.76604056998124 52.76483203511349
60.7751293045422 58.25166615207267
65.42979495838338 65.81631366973403
69.49180101793736 76.53650232609347
72.54663759928718 91.62927317469601
74.01052562182309 111.0770667646328
73.4577203821856 131.6290062191161
71.0643142439333 148.901955957333
67.40708999381975 161.510609747715
62.99294678811721 170.375283393423
58.13255577376815 176.7111310391984
52.99878696409237 -178.6039956729092
47.68904570049482 -175.011509188999
42.25997469143179 -172.1600962013054
36.74646737111294 -169.8240779257512
31.17109132131718 -167.8533679868885
25.55006213031087 -166.1444752171685
19.89857983863389 -164.6236715150663
14.22668165519994 -163.2347682066353
8.541999733754379 -161.9331888087268
2.851317108075155 -160.681674343531
-2.839382531461738 -159.4468891631366
-8.524295257464066 -158.1968264195337
-14.19754419440685 -156.8983427443772
-19.85291930293698 -155.5145076327809
-25.48300313143381 -154.0014742410703
-31.07901307997405 -152.3039389960382
-36.62991212450045 -150.3485172520102
-42.12062141723973 -148.0334500868549
-47.52911023150713 -145.2117937274248
-52.82162902767472 -141.6629195216842
-57.94325894911749 -137.0441340078821
-62.80007095240261 -130.8106793152931
-67.2246746795316 -122.105824678614
-70.91578928623173 -109.7324417675886
-73.37850906211669 -92.72608306803382
-74.0333624006627 -72.29369307195785
-72.67163450631836 -52.71007317176264
-69.69130799230938 -37.37858684943765
-65.67604428292111 -26.45654255632481
-61.04895109145485 -18.75081681570169
-56.05523290933547 -13.16947554786123
-50.83122930967345 -8.979405315794684
-45.45548051859041 -5.719493308757171
-39.97603642928029 -3.097962382230814
-34.42355589109459 -0.9244978246419517
-28.81823779576823 0.9296757280493025
-23.17438050357359 2.555012977367999
-17.50296807533626 4.017719718102219
-11.81244962007223 5.368694243922014
-6.109832078503936 6.649153375711489
-0.4013667157123504 7.894565646353622
5.307048285240147 9.137651125848384
11.00956552998862 10.41094511094037
16.69986351214485 11.74927815083062
22.37098247618748 13.19271666330359
28.01507300470603 14.79041440087338
33.62166408415924 16.60573755333623
39.17745390327227 18.72475903928329
44.66363933504921 21.26925827413612
50.05212203112833 24.41845410306658
55.29944893880175 28.44652324917313
60.3330516856325 33.78490978539402
65.02774576989955 41.12201046418244
69.15765695721046 51.50290292852133
72.32659980557942 66.16443048272366
73.9589401444028 85.29892209029299
73.59184817991996 105.9552393355078
71.34342078220864 123.6374550989906
67.77686636341541 136.6474408270496
63.41581081882831 145.7980293417116
58.58701913673338 152.3214679243422
53.47300304307544 157.1290674678596
48.17634538784815 160.803589242388
42.75632051527977 163.7113332085647
37.24924480408042 166.0869357334598
31.67870612827485 168.085832411091
26.061171161938 169.8149564286614
20.41207322586045 171.3501500917737
14.74174609000698 172.7489207561285
9.058060935162368 174.0566722413883
3.367736493979914 175.3112013005619
-2.323069419789703 176.5460542928774
-8.008651937582158 177.7932759555619
-13.6831467964072 179.085798882828
-19.34025897118133 -179.5399468923364
-24.97259221830065 -178.0409455900313
-30.57170154380154 -176.3631412690789
-36.12694574212332 -174.4351237971724
-41.62366490535362 -172.1583145663497
-47.04068535435323 -169.3908190039531
-52.34559737599439 -165.9203561546368
-57.48595213873723 -161.4181207472031
-62.37253576652721 -155.3619521515228
-66.84664184129601 -146.9277985083945
-70.62230227026264 -134.9409675413761
-73.22221373936313 -118.3562759810961
-74.05985328313642 -98.08722754536005
-72.87229997041599 -78.23421981697672
-70.01372298580876 -62.46850646994034
-66.07153611931108 -51.18972080927151
-61.48738904203464 -43.24218362054358
-56.51987269197831 -37.50326977081615
-51.31269673185693 -33.209305976157
-45.94839123508125 -29.87920315608096
-40.47703804000112 -27.2090251467482
-34.93029978139925 -25.00111884757511
-29.32925812895283 -23.12234323226959
-23.688690179588 -21.47946892668988
-18.01972152955176 -20.00448645759204
-12.33102767365519 -18.64539267962688
-6.629659722192512 -17.36026676005263
-0.9218524185024558 -16.11324535214483
4.786471634921933 -14.87147685567378
10.48946299480975 -13.60252031429403
16.18101383707727 -12.27183405711797
21.85423402393073 -10.83996574109124
27.50106667462837 -9.258865994218738
33.11133000615282 -7.466768544274609
38.67223338121012 -5.380086045177571
44.16582201329923 -2.880936438861549
49.56481125498541 0.203322242503302
54.82719597713971 4.135746053264463
59.88424745150754 9.3299974459892
64.61715164558838 16.44597311436046
68.81219397144518 26.49545307494859
72.09116283550905 40.72488564938131
73.88917766577316 59.51727891269776
73.71063467725037 80.23669902039029
71.61376990656071 98.31774303492676
68.14334828026338 111.7409365921131
63.8387318082234 121.1907535590432
59.0436263629275 127.911031064866
53.9505769612195 132.8474184868801
48.66748207000035 136.6080656775236
43.25675371112917 139.5748247541235
37.75631393551098 141.9918074420493
32.19054360578125 144.0202287235228
26.57646880667045 145.7705476390279
20.92981446796012 147.3208403637439
15.26118259336726 148.7300260061531
9.578589384777732 150.0444104186681
3.888777817578284 151.3023428437265
-1.802105283440852 152.5376467565415
-7.488258054048607 153.7823841352688
-13.16390001032133 155.0693135095082
-18.8225294056917 156.4343585581829
-24.45717214118756 157.9198383340207
-30.05948722485866 159.5785617054985
-35.61900085778551 161.4799670342139
-41.12162312524408 163.7196168414461
-46.54693840081426 166.4345147621868
-51.86392539951958 169.8289784478544
-57.02243861023921 174.2184642996888
-61.93766592336524 -179.8967583790431
-66.45928848556284 -171.724674667717
-70.31601669379842 -160.1165507121073
-73.04866866853197 -143.9623499064678
-74.06764421606455 -123.8958389522866
-73.05856842085484 -103.8054641063815
-70.32753791179425 -87.6047307926444
-66.46239202380129 -75.95651057567531
-61.92351175218433 -67.75644491294928
-56.98350789329358 -61.85279942289571
-51.79390355623234 -57.45034653803179
-46.4414020582707 -54.04702099094763
-40.97830852664249 -51.32614798851884
-35.43754905178679 -49.08242569366413
-29.84095846788062 -47.17804228453069
-24.20375608212759 -45.51684693850935
-18.53736939184651 -44.02898512091087
-12.8505608635216 -42.66125488288988
-7.150474265824157 -41.37100605578151
-1.44349728552909 -40.12198815078601
4.264534645011318 -38.88116960638022
9.967816831694204 -37.61617285163169
15.66044089778862 -36.29272556365392
21.33552508342455 -34.87197652718347
26.98482296659101 -33.30693763281077
32.5985046098748 -31.53736383378154
38.16421952863113 -29.48207806167194
43.66480793151969 -27.02696467867679
49.07384644239762 -24.00565746337378
54.35066164688399 -20.16576450816896
59.43015144331483 -15.11072458030431
64.19957441303858 -8.208233927723276
68.45660620816393 1.518935126753015
71.84111407846841 15.31893175520312
73.80093449796735 33.74361874811374
73.81260714071861 54.4809789452015
71.87337967166334 72.9458701469498
68.50451070545799 86.79205111069584
64.25966108549093 96.55401523682076
59.50012176314992 103.4804973905901
54.42924313322276 108.5516189159621
49.16049455322615 112.4022151710082
43.75958481578826 115.4305207607662
38.265958419521 117.8906967710846
32.70558436802393 119.9497486714167
27.09555157544503 121.7220807393691
21.45166336568272 123.288160616601
15.7850026149352 124.708316690616
10.10363848460243 126.0298239344022
4.414529705801619 127.2915727711616
-1.276196062739185 128.5276926374051
-6.96274716835107 129.7703069369241
-12.63936960640951 131.052007744226
-18.29952935838105 132.4082791938552
-23.93636455134774 133.8807004039976
-29.54178395784869 135.5209118802573
-35.1056363370121 137.3965091881208
-40.61417454322621 139.6000931362757
-46.04774369036816 142.2639836198156
-51.37648701183348 145.5847539805896
-56.55260985921251 149.8651206800412
-61.49542618611497 155.5841987534957
-66.06247990357939 163.502214274906
-69.99678139043854 174.7390421078007
-72.85776392765143 -169.5447812414461
-74.05642940637189 -149.719589744127
-73.23029137613301 -129.4278418165503
-70.63325534378868 -112.7929256473571
-66.8499687896435 -100.7622503344876
-62.35928358373012 -92.29777569402131
-57.44846050106848 -86.2211834150653
-52.27746670592708 -81.70494612553246
-46.93745335507221 -78.22493318836528
-41.48313632318288 -75.45103878009122
-35.94870536129885 -73.16984785895562
-30.35683665094994 -71.23864805323848
-24.72314127123326 -69.55819080755272
-19.05938867431567 -68.05669205624788
-13.37441448107602 -66.67968284027337
-7.675580308507234 -65.38376711103167
-1.969241809617495 -64.13223086453276
3.738586937078243 -62.8918922097921
9.442364750735381 -61.63036244473821
15.13597673446207 -60.31370473265804
20.81278059515281 -58.90359298684718
26.46451428044356 -57.35401455763817
32.08172779461336 -55.60616363458391
37.65238374514914 -53.58119730634625
43.15976772678696 -51.1687516842956
48.57838929940989 -48.20849051142108
53.86932981458237 -44.45791943918088
58.97046815926346 -39.53714417326935
63.77492912436542 -32.84045276991662
68.09118054228264 -23.425514456009
71.57670811830003 -10.05048977328698
73.69399072412675 7.983781829413211
73.89672501999483 28.69437282290641
72.12078844697218 47.52428254722464
68.85875437847255 61.80186852927565
64.67698848593837 71.88861043671639
59.95480309940656 79.03075860950435
54.90701568217314 84.24276346074248
51.54407747955029 86.89672168839103
