sat_1.Earth.Latitude,,,sat_1.Earth.Longitude,,,
-0.1396691010215213,,,,91.24825379860339,,,,,,,
1.082061601011728,,,,,,94.33629129385166,,,,,,,
2.990459002335511,,,,,,99.18932756723764,,,,,,,
4.970949945478883,,,,,,104.3153852893087,,,,,,,
6.915622079858,,,,,,,,,109.5037986044369,,,,,,,
8.795209037431732,,,,,,114.7409070435399,,,,,,,
10.5895266660897,,,,,,,120.0344539862612,,,,,,,
12.27958428005424,,,,,,125.392967163111,,,,,,,,
13.84684575027078,,,,,,130.8230226679583,,,,,,,
15.27332827205243,,,,,,136.3284843295666,,,,,,,
16.54192003226919,,,,,,141.9102751355669,,,,,,,
17.63664585796357,,,,,,147.5657784065401,,,,,,,
18.5431195531535,,,,,,,153.2889067859222,,,,,,,
19.24897139278914,,,,,,159.0702714458526,,,,,,,
19.74422811711719,,,,,,164.8972932504022,,,,,,,
20.02170368308111,,,,,,170.7548932070795,,,,,,,
20.07728159569755,,,,,,176.6262089547402,,,,,,,
19.91009132824513,,,,,,-177.506352343044,,,,,,,
19.52254467232832,,,,,,-171.6601811852928,,,,,,
18.92024654619361,,,,,,-165.8514848540961,,,,,,
18.11176699682705,,,,,,-160.094319442679,,,,,,,
17.10830629370866,,,,,,-154.3998834975899,,,,,,
15.92328868929502,,,,,,-148.7760429351979,,,,,,
14.57193084603661,,,,,,-143.2271286904044,,,,,,
13.07085620454473,,,,,,-137.7540839301239,,,,,,
11.43769894999625,,,,,,-132.3545716404271,,,,,,
9.690785243698793,,,,,,-127.023322016501,,,,,,,
7.848861155981167,,,,,,-121.7524968994845,,,,,,
5.930979889067292,,,,,,-116.5323469034775,,,,,,
3.956308532794302,,,,,,-111.3514597254341,,,,,,
1.94402950175434,,,,,,,-106.1971534591664,,,,,,
-0.08661397427607434,,,-101.0561092169359,,,,,,
-2.116415861567434,,,,,-95.91454731106353,,,,,,
-4.126132257890458,,,,,-90.75880687039523,,,,,,
-6.09650027407178,,,,,,-85.57569673031172,,,,,,
-8.008366253148086,,,,,-80.35259825907258,,,,,,
-9.84256301851647,,,,,,-75.07831498181275,,,,,,
-11.58015360506945,,,,,-69.74305468550939,,,,,,
-13.20239470043515,,,,,-64.33936176607038,,,,,,
-14.69107347554868,,,,,-58.86211872486632,,,,,,
-16.0286724920605,,,,,,-53.30923299735525,,,,,,
-17.19871317632071,,,,,-47.68191214143947,,,,,,
-18.18617009979581,,,,,-41.98465432384934,,,,,,
-18.97781035948298,,,,,-36.22561593990459,,,,,,
-19.56266721636005,,,,,-30.41614771405188,,,,,,
-19.93241881951804,,,,,-24.57036190683982,,,,,,
-20.08170691089126,,,,,-18.70436846084026,,,,,,
-20.00834692172464,,,,,-12.83556413893518,,,,,,
-19.71343404216098,,,,,-6.981542172659956,,,,,,
-19.20129739904951,,,,,-1.159032263663313,,,,,,
-18.47933832477185,,,,,4.616902849686933,,,,,,,
-17.55774245866752,,,,,10.33374667250613,,,,,,,
-16.44903125291323,,,,,15.98244556357653,,,,,,,
-15.16772165697924,,,,,21.55716557140532,,,,,,,
-13.72985636460716,,,,,27.05565731033357,,,,,,,
-12.15263193576559,,,,,32.47900074080555,,,,,,,
-10.45405041556818,,,,,37.83134642320935,,,,,,,
-8.652646854048085,,,,,43.11951074588551,,,,,,,
-6.767286923166896,,,,,48.35251968868896,,,,,,,
-4.817002993846093,,,,,53.54120625264116,,,,,,,
-2.820860028662948,,,,,58.69786833835219,,,,,,,
-0.7980103743361269,,,,63.835574002957,,,,,,,,,
1.232382740549699,,,,,,68.96791566475788,,,,,,,
3.251138854949181,,,,,,74.10859446001865,,,,,,,
5.239137506983968,,,,,,79.27123538127771,,,,,,,
7.177237426602752,,,,,,84.46878063449147,,,,,,,
9.046348613092794,,,,,,89.7132068086247,,,,,,,,
10.82745488230886,,,,,,95.01500238944138,,,,,,,
12.50172719780467,,,,,,100.3827366905466,,,,,,,
14.05071855953077,,,,,,105.8227152206522,,,,,,,
15.45656388222269,,,,,,111.3384837338697,,,,,,,
16.70224402967706,,,,,,116.9303259458672,,,,,,,
17.77201746685587,,,,,,122.5953264502476,,,,,,,
18.65173438123387,,,,,,128.326880645548,,,,,,,,
19.3293254655991,,,,,,,134.1151255756592,,,,,,,
19.7951799726504,,,,,,,139.9471349216858,,,,,,,
20.04251185867981,,,,,,145.8075146635367,,,,,,,
20.06763822429409,,,,,,151.6793060632453,,,,,,,
19.87013518992415,,,,,,157.5447576931192,,,,,,,
19.45285688456057,,,,,,163.386668685277,,,,,,,,
18.82183768499897,,,,,,169.1889769146854,,,,,,,
17.98602372845459,,,,,,174.9380500403167,,,,,,,
16.95693699932905,,,,,,-179.3768476264124,,,,,,
15.74826821767598,,,,,,-173.7631062876979,,,,,,
14.37545350567398,,,,,,-168.2246151183373,,,,,,
12.85528041855154,,,,,,-162.7618718667982,,,,,,
11.20547095834958,,,,,,-157.3720374658897,,,,,,
9.444453661913991,,,,,,-152.0495707537241,,,,,,
7.591030492157373,,,,,,-146.7863501031786,,,,,,
5.664255908631067,,,,,,-141.5723107883824,,,,,,
3.683301154090135,,,,,,-136.3958391883642,,,,,,
1.667342226086127,,,,,,-131.2441018964234,,,,,,
-0.3643705938177398,,,,-126.1037231610978,,,,,,
-2.392622439426412,,,,,-120.9609222210692,,,,,,
-4.39816281084904,,,,,,-115.8020828996983,,,,,,
-6.361766676685909,,,,,-110.6139965138327,,,,,,
-8.264229364896671,,,,,-105.3843235646909,,,,,,
-10.08645637973245,,,,,-100.1018890216435,,,,,,
-11.8094680686017,,,,,,-94.75734836790747,,,,,,
-13.41459898127287,,,,,-89.34347521093184,,,,,,
-14.88370892236302,,,,,-83.85554296126139,,,,,,
-16.19938435305889,,,,,-78.29194855507802,,,,,,
-17.34533806659668,,,,,-72.65426097708608,,,,,,
-18.30673331882785,,,,,-66.94763636816093,,,,,,
-19.07064062560049,,,,,-61.18060981259933,,,,,,
-19.62643438293593,,,,,-55.36494297273148,,,,,,
-19.96618340057832,,,,,-49.5150527338206,,,,,,,
-20.0849525002076,,,,,,-43.64732921273725,,,,,,
-19.98101164667803,,,,,-37.77933948630415,,,,,,
-19.65591335740469,,,,,-31.92854127358439,,,,,,
-19.11442532926162,,,,,-26.11148396966437,,,,,,
-18.36435469114675,,,,,-20.34292377326793,,,,,,
-17.41622717330601,,,,,-14.63487734024808,,,,,,
-16.28285409692594,,,,,-8.995937348336815,,,,,,
-14.97898642900402,,,,,-3.431459773582004,,,,,,
-13.52086298869867,,,,,2.056712582519026,,,,,,,
-11.92581229195084,,,,,7.470105816339428,,,,,,,
-10.21193923889794,,,,,12.81322665188881,,,,,,,
-8.397839253216709,,,,,18.09322475741353,,,,,,,
-6.502406702533696,,,,,23.31941586502186,,,,,,,
-4.544665816156004,,,,,28.50290968950623,,,,,,,
-2.543745232688828,,,,,33.65600618093382,,,,,,,
-0.5187303827002958,,,,38.79204630681362,,,,,,,
1.511207967894384,,,,,,43.92464264209738,,,,,,,
3.526897852440015,,,,,,49.06750782906735,,,,,,,
5.509194280528475,,,,,,54.23414266758616,,,,,,,
7.438945444354342,,,,,,59.43733674326415,,,,,,,
9.29708133964715,,,,,,,64.68891950833815,,,,,,,
11.06461045222849,,,,,,69.99915453103966,,,,,,,
12.72273502893473,,,,,,75.37628437689492,,,,,,,
14.25309671446045,,,,,,80.82632671680139,,,,,,,
15.63791298200452,,,,,,86.35233751871857,,,,,,,
16.86033633380683,,,,,,91.95423164540348,,,,,,,
17.90481350363514,,,,,,97.62855764198292,,,,,,,
18.75746146694039,,,,,,103.3682710425105,,,,,,,
19.40652804127787,,,,,,109.1630864074754,,,,,,,
19.84276715616267,,,,,,114.9996762034528,,,,,,,
20.05980543280295,,,,,,120.8623818466657,,,,,,,
20.05439931469796,,,,,,126.734113372512,,,,,,,,
19.82657210151701,,,,,,132.5971447768966,,,,,,,
19.37961597607582,,,,,,138.4343859133776,,,,,,,
18.71997922032752,,,,,,144.2300290094518,,,,,,,
17.85698512868493,,,,,,149.9707699392825,,,,,,,
16.80248214439089,,,,,,155.6462904815755,,,,,,,
15.57041551360989,,,,,,161.2497254038618,,,,,,,
14.17642100408897,,,,,,166.7776794047324,,,,,,,
12.63741805976991,,,,,,172.2301703053223,,,,,,,
10.97127771101912,,,,,,177.6102956728361,,,,,,,
9.196457366044784,,,,,,-177.0759110379975,,,,,,
7.331834984557146,,,,,,-171.8201354284503,,,,,,
5.396457840418716,,,,,,-166.6119921593075,,,,,,
3.40952405620703,,,,,,,-161.4397376348128,,,,,,
1.390227015585088,,,,,,-156.2904527929851,,,,,,
-0.6422043988013473,,,,-151.1506387373973,,,,,,
-2.668565804464408,,,,,-146.006474135509,,,,,,,
-4.669600758201434,,,,,-140.8443939387502,,,,,,
-6.626076929386845,,,,,-135.6513000219344,,,,,,
-8.518822247537226,,,,,-130.414920298023,,,,,,,
-10.32870959178111,,,,,-125.1244086566016,,,,,,
-12.03681705028546,,,,,-119.7706015834507,,,,,,
-13.62454302302838,,,,,-114.3465462564361,,,,,,
-15.07380101198441,,,,,-108.8479881733578,,,,,,
-16.36730992103092,,,,,-103.2737215037082,,,,,,
-17.4889369237215,,,,,,-97.62586751632834,,,,,,
-18.42409227419822,,,,,-91.90997509601131,,,,,,
-19.16012763946521,,,,,-86.13505652364292,,,,,,
-19.68675570669953,,,,,-80.31331442510576,,,,,,
-19.99643757170249,,,,,-74.45949307396985,,,,,,
-20.08466750071651,,,,,-68.59030893830689,,,,,,
-19.95017106382234,,,,,-62.72323599387322,,,,,,
-19.59496106711917,,,,,-56.8758739432877,,,,,,,
-19.02425508329693,,,,,-51.06457319607763,,,,,,
-18.2462542360165,,,,,,-45.30363506075373,,,,,,
-17.27181438153225,,,,,-39.60455975285442,,,,,,
-16.11404692769006,,,,,-33.97556064277465,,,,,,
-14.78791817428905,,,,,-28.4214439116995,,,,,,,
-13.30983384168178,,,,,-22.94357012283055,,,,,,
-11.69725485236934,,,,,-17.54001628135202,,,,,,
-9.968387505013371,,,,,-12.20594393625135,,,,,,
-8.141867979449032,,,,,-6.933835893324727,,,,,,
-6.236629406538063,,,,,-1.714135596073171,,,,,,
-4.271723250777255,,,,,3.464440745506726,,,,,,,
-2.266272909807018,,,,,8.61437113635631,,,,,,,,
-0.2393985085106513,,,,13.7490035674587,,,,,,,,
1.789780021650588,,,,,,18.88211690656035,,,,,,,
3.802099114167398,,,,,,24.02742998654418,,,,,,,
5.778364374687645,,,,,,29.19824743927734,,,,,,,
7.699460331068014,,,,,,34.40732016143791,,,,,,,
9.546329620160972,,,,,,39.66630714218478,,,,,,,
11.29998598976444,,,,,,44.98518246131777,,,,,,,
12.94168863166894,,,,,,50.37192969663342,,,,,,,
14.45313332753272,,,,,,55.83214821028021,,,,,,,
15.8166519214132,,,,,,,61.36848859089307,,,,,,,
17.01555009213353,,,,,,66.98038669267289,,,,,,,
18.03448804725585,,,,,,72.66391481887044,,,,,,,
18.85986244161076,,,,,,78.4116239461715,,,,,,,,
19.48023797130178,,,,,,84.21275311725542,,,,,,,
19.88674558114035,,,,,,90.053606220378,,,,,,,,,
20.07343155727064,,,,,,95.91828012802543,,,,,,,
20.03749445323212,,,,,,101.7896260790278,,,,,,,
19.77940424093368,,,,,,107.6498951218007,,,,,,,
19.30289291594228,,,,,,113.4821178034382,,,,,,,
18.6148037667134,,,,,,,119.2708889865854,,,,,,,
17.72482790693834,,,,,,125.0032021187542,,,,,,,
16.64513181409851,,,,,,130.6691420034981,,,,,,,
15.38991114167978,,,,,,136.2623414391394,,,,,,,
13.97502293620678,,,,,,141.7797912085312,,,,,,,
12.41752995271148,,,,,,147.2219906216863,,,,,,,
10.73538100722106,,,,,,152.592526039428,,,,,,,,
8.947129267862985,,,,,,157.8976844755359,,,,,,,
7.071651914782262,,,,,,163.1461861258946,,,,,,,
5.128045422847635,,,,,,168.3485585369888,,,,,,,
3.13548545299962,,,,,,,173.5167953516089,,,,,,,
1.113200035852505,,,,,,178.6638424433125,,,,,,,
-0.9196227505269561,,,,-176.1966391813295,,,,,,
-2.94374579675421,,,,,,-171.0509051063212,,,,,,
-4.939963083279979,,,,,-165.8853047777541,,,,,,
-6.888999477331392,,,,,-160.6869478560647,,,,,,
-8.771685393613101,,,,,-155.4437241140363,,,,,,
-10.56893659160548,,,,,-150.1449177464878,,,,,,
-12.26182818277709,,,,,-144.7817349599295,,,,,,
-13.8318135445875,,,,,,-139.3475662021989,,,,,,
-15.26090936874539,,,,,-133.8385035175464,,,,,,
-16.53195614972646,,,,,-128.253823109511,,,,,,,
-17.62902708945997,,,,,-122.5959986695302,,,,,,
-18.5377427710789,,,,,,-116.8711852713239,,,,,,
-19.24576542122664,,,,,-111.0887486023638,,,,,,
-19.74314724934802,,,,,-105.2613575726786,,,,,,
-20.02274885144947,,,,,-99.40401772314371,,,,,,
-20.08049189267942,,,,,-93.53364972018301,,,,,,
-19.91555751887245,,,,,-87.66800657517284,,,,,,
-19.53042385965426,,,,,-81.82454837044016,,,,,,
-18.93073159212051,,,,,-76.01924916840655,,,,,,
-18.12506295526544,,,,,-70.26603890523596,,,,,,
-17.12462808492854,,,,,-64.57611013310193,,,,,,
-15.94280747462292,,,,,-58.95712904829645,,,,,,
-14.59479594319324,,,,,-53.41345000754598,,,,,,
-13.09716463484888,,,,,-47.94595615117377,,,,,,
-11.4674905933409,,,,,,-42.55228630708799,,,,,,
-9.724033735759347,,,,,-37.22715132617497,,,,,,
-7.885499373510672,,,,,-31.96278870050349,,,,,,
-5.970847131254925,,,,,-26.74938489841071,,,,,,
-3.999143144061567,,,,,-21.57546585918219,,,,,,
-1.989502619356821,,,,,-16.42838233104359,,,,,,
0.03894468880330538,,,,-11.29472465360075,,,,,,
2.067038018848902,,,,,,-6.160784133768722,,,,,,
4.075614962944852,,,,,,-1.012861195470768,,,,,,
6.045516815699895,,,,,,4.162360661019672,,,,,,,
7.957639292137731,,,,,,9.37752237074015,,,,,,,,
9.79292381123285,,,,,,,14.64406287768298,,,,,,,
11.53240326032001,,,,,,19.97168960562447,,,,,,,
13.15739303846627,,,,,,25.36810709626156,,,,,,,
14.64965845051676,,,,,,30.83852710356971,,,,,,,
15.99164416393652,,,,,,36.38516987789965,,,,,,,
17.1668240233352,,,,,,,42.00703758501528,,,,,,,
18.1600599562892,,,,,,,47.69964581935411,,,,,,,
18.95803389649702,,,,,,53.45511910304878,,,,,,,
19.54964566295467,,,,,,59.26230014532517,,,,,,,
19.92640709752972,,,,,,65.10715482298372,,,,,,,
20.08278294097749,,,,,,70.97352460227467,,,,,,,
20.01641711435253,,,,,,76.84408777940118,,,,,,,
19.72823337258776,,,,,,82.70117735321284,,,,,,,
19.22239588072214,,,,,,88.5280406794146,,,,,,,,
18.50615075467793,,,,,,94.30955144833048,,,,,,,
17.58951225927631,,,,,,100.0332830955626,,,,,,,
16.48492697861836,,,,,,105.6897833396881,,,,,,,
15.20689689692698,,,,,,111.2728300605624,,,,,,,
13.77145806251742,,,,,,116.7799726507772,,,,,,,
12.19581460128872,,,,,,122.2121584034679,,,,,,,
10.49802853119461,,,,,,127.5733280779384,,,,,,,
8.696703222267825,,,,,,132.8701584255628,,,,,,,
6.810755971671013,,,,,,138.1116424015346,,,,,,,
4.859304477804606,,,,,,143.3085233669799,,,,,,,
2.86153477978948,,,,,,,148.4729503113595,,,,,,,
0.8366586465212105,,,,,153.6180197665485,,,,,,,
-1.196138152474037,,,,,158.7574465577593,,,,,,,
-3.217630744603636,,,,,163.9050024724679,,,,,,,
-5.208618019870532,,,,,169.0742970681376,,,,,,,
-7.149835693858033,,,,,174.2781406422185,,,,,,,
-9.022106353411715,,,,,179.528447223378,,,,,,,,
-10.80634543972388,,,,,-175.1643362864816,,,,,,
-12.48368833955699,,,,,-169.7916168398696,,,,,,
-14.03562305242891,,,,,-164.3472013833066,,,,,,
-15.44425069721513,,,,,-158.8276244903397,,,,,,
-16.69257522356721,,,,,-153.232508974903,,,,,,,
-17.7648387248169,,,,,,-147.5648891725231,,,,,,
-18.64692346121945,,,,,-141.8313124864604,,,,,,
-19.32677185119939,,,,,-136.0417731579271,,,,,,
-19.79482370547064,,,,,-130.2090930082942,,,,,,
-20.04432739522393,,,,,-124.3487174701358,,,,,,
-20.07164549025421,,,,,-118.4777791282609,,,,,,
-19.87641302103461,,,,,-112.6139586972273,,,,,,
-19.46154901991852,,,,,-106.7745935395595,,,,,,
-18.8331116053118,,,,,,-100.9754301999389,,,,,,
-18.00006982304982,,,,,-95.23010142225446,,,,,,
-16.97394651317798,,,,,-89.54926837405399,,,,,,
-15.76841864669378,,,,,-83.94026595565288,,,,,,
-14.39889814370987,,,,,-78.40695273587399,,,,,,
-12.88210946702912,,,,,-72.94971083950466,,,,,,
-11.23575722357386,,,,,-67.56580038940923,,,,,,
-9.478163344305898,,,,,-62.24951652770462,,,,,,
-7.628086812575014,,,,,-56.99281219576418,,,,,,
-5.704486391644122,,,,,-51.78555802420926,,,,,,
-3.726442271416945,,,,,-46.61610758143252,,,,,,
-1.713073098340635,,,,,-41.47168498396421,,,,,,
0.3164958551975891,,,,,-36.33879466463299,,,,,,
2.343075313422561,,,,,,-31.20377830240999,,,,,,
4.347521837873375,,,,,,-26.05291899488371,,,,,,
6.310657502697822,,,,,,-20.87303762527176,,,,,,
8.213388347727005,,,,,,-15.65162209998511,,,,,,
10.03667571704971,,,,,,-10.37741663063831,,,,,,
11.76159186738,,,,,,,,,-5.040940188128991,,,,,,
13.36951004312153,,,,,,0.3652227849276837,,,,,,
14.84225527497008,,,,,,5.845837961497349,,,,,,,
16.16239665006997,,,,,,11.40270247613764,,,,,,,
17.313585939452,,,,,,,,17.03438995886684,,,,,,,
18.28091333771682,,,,,,22.73597620759759,,,,,,,
19.05132882180265,,,,,,28.49905898554414,,,,,,,
19.61406838741459,,,,,,34.31203859778585,,,,,,,
19.96103890281755,,,,,,40.16064775276708,,,,,,,
20.08712161505471,,,,,,46.02834503760529,,,,,,,
19.99041335229123,,,,,,51.89780679777729,,,,,,,
19.67228650188977,,,,,,57.7514259852525,,,,,,,,
19.13734078525153,,,,,,63.57260022704493,,,,,,,
18.39321056014555,,,,,,69.34660854687947,,,,,,,
17.45027319757826,,,,,,75.06131957777889,,,,,,,
16.32126606867932,,,,,,80.70778226646853,,,,,,,
15.0208431542625,,,,,,,86.28059938849199,,,,,,,
13.56525904896829,,,,,,91.77754349852768,,,,,,,
11.97186978372376,,,,,,97.19991213983862,,,,,,,
10.2588511745276,,,,,,,102.5519694899434,,,,,,,
8.444862273961913,,,,,,107.8407460694115,,,,,,,
6.548853230669291,,,,,,113.0755164241278,,,,,,,
4.589939628574437,,,,,,118.2672900586074,,,,,,,
2.587351427694395,,,,,,123.4282740114198,,,,,,,
0.5602580380445706,,,,,128.5717781687287,,,,,,,
-1.472127247766869,,,,,133.7114921620364,,,,,,,
-3.490588631679215,,,,,138.8612034286431,,,,,,,
-5.475886915239806,,,,,144.0343596717247,,,,,,,
-7.408833823553618,,,,,149.2438448014529,,,,,,,
-9.270239547251713,,,,,154.5013489081799,,,,,,,
-11.04103949155427,,,,,159.8170907217636,,,,,,,
-12.70240301204257,,,,,165.1993611799371,,,,,,,
-14.23587978296575,,,,,170.6539902725689,,,,,,,
-15.62367967544503,,,,,176.1840683996735,,,,,,,
-16.84893792144026,,,,,-178.2105333168307,,,,,,
-17.89610639106947,,,,,-172.5332668494705,,,,,,
-18.75130772414819,,,,,-166.791234875667,,,,,,,
-19.40280850667184,,,,,-160.9948023492462,,,,,,
-19.8414043024203,,,,,,-155.1572717878902,,,,,,
-20.06076282030871,,,,,-149.2942918392127,,,,,,
-20.05768684262845,,,,,-143.4232008753969,,,,,,
-19.83226435270239,,,,,-137.5616379381272,,,,,,
-19.38784791695541,,,,,-131.7267206824461,,,,,,
-18.73091185579723,,,,,-125.9340253441048,,,,,,
-17.87079686086615,,,,,-120.1968107703135,,,,,,
-16.81933670844854,,,,,-114.5252596721696,,,,,,
-15.59048103362838,,,,,-108.9262965315405,,,,,,
-14.19984262857971,,,,,-103.4032792685369,,,,,,
-12.66430701281284,,,,,-97.95616625338779,,,,,,
-11.00167161041899,,,,,-92.58175416195559,,,,,,
-9.230340998225165,,,,,-87.27402212539829,,,,,,
-7.369118191134074,,,,,-82.02462619739947,,,,,,
-5.436983556065263,,,,,-76.82319500249564,,,,,,
-3.453033797560498,,,,,-71.6579197480596,,,,,,,
-1.436398314863927,,,,,-66.51592144915315,,,,,,
0.5938409364352921,,,,,-61.38352766392559,,,,,,
2.618516786607728,,,,,,-56.2470103525183,,,,,,,
4.618449334110591,,,,,,-51.09277857435544,,,,,,
6.574442809932818,,,,,,-45.90778982576597,,,,,,
8.467397218643081,,,,,,-40.67970940966157,,,,,,
10.2782905512913,,,,,,,-35.3974854800606,,,,,,,
11.98823089806113,,,,,,-30.05189392084773,,,,,,
13.5786271628916,,,,,,,-24.63592062903243,,,,,,
15.03143375131892,,,,,,-19.14505223367647,,,,,,
16.32934620264929,,,,,,-13.57792379841583,,,,,,
17.45618454240218,,,,,,-7.93646348131483,,,,,,,
18.39727378594133,,,,,,-2.226062953680961,,,,,,
19.13985613372468,,,,,,3.544437442108309,,,,,,,
19.67351289107135,,,,,,9.363065460240332,,,,,,,
19.99053010142792,,,,,,15.21502794394056,,,,,,,
20.0862346708511,,,,,,,21.08385396107637,,,,,,,
19.95916155745031,,,,,,26.95200051854379,,,,,,,
19.61113554595041,,,,,,32.8019002378114,,,,,,,,
19.04718605335042,,,,,,38.61719522788167,,,,,,,
18.27534214220801,,,,,,44.38348157719221,,,,,,,
17.30631011979352,,,,,,50.08912804176015,,,,,,,
16.15312300523155,,,,,,55.72557570299175,,,,,,,
14.83068763022359,,,,,,61.28781285016625,,,,,,,
13.35538228203542,,,,,,66.77429004198328,,,,,,,
11.74468270235432,,,,,,72.1867205222579,,,,,,,,
10.01684609802911,,,,,,77.52973737040989,,,,,,,
8.190569782965422,,,,,,82.81072056015852,,,,,,,
6.284867203077899,,,,,,88.0391042771153,,,,,,,,
4.318905903988773,,,,,,93.22600782424597,,,,,,,
2.311832931711198,,,,,,98.38401905885769,,,,,,,
0.2828996345593364,,,,,103.5263319130325,,,,,,,
-1.748671928383146,,,,,108.666657247576,,,,,,,,
-3.763665868114107,,,,,113.8187684383823,,,,,,,
-5.74287010586398,,,,,,118.9961113356471,,,,,,,
-7.667066028753355,,,,,124.211352256599,,,,,,,,
-9.517103224768551,,,,,129.4760672431217,,,,,,,
-11.27395855966262,,,,,134.8002793988921,,,,,,,
-12.91885727321391,,,,,140.1920177042834,,,,,,,
-14.43340672577093,,,,,145.6567065301045,,,,,,,
-15.79993726487011,,,,,151.197067310739,,,,,,,,
-17.00173948445373,,,,,156.8125352121274,,,,,,,
-18.0234563175284,,,,,,162.4991166574694,,,,,,,
-18.85147972943269,,,,,168.249263796171,,,,,,,,
-19.47440022818845,,,,,174.0522242930571,,,,,,,
-19.88337432800521,,,,,179.8942308285626,,,,,,,
-20.0724883041795,,,,,,-174.2406760582029,,,,,,
-20.03899497206105,,,,,-168.369857664827,,,,,,,
-19.78343193560043,,,,,-162.5109762851737,,,,,,
-19.30959069677684,,,,,-156.6809862140555,,,,,,
-18.62434527373765,,,,,-150.8951163384801,,,,,,
-17.73739798425792,,,,,-145.1662700978944,,,,,,
-16.66089080848963,,,,,-139.5041951587646,,,,,,
-15.40903855531898,,,,,-133.9154025050311,,,,,,
-13.99763650816288,,,,,-128.4027133901638,,,,,,
-12.44371988098147,,,,,-122.9656639564911,,,,,,
-10.76519677339018,,,,,-117.6006793001318,,,,,,
-8.980527415864787,,,,,-112.3013574840544,,,,,,
-7.108534898846206,,,,,-107.0590167327625,,,,,,
-5.168247969101581,,,,,-101.8631391967751,,,,,,
-3.178771554716224,,,,,-96.70174257312662,,,,,,
-1.159225155484185,,,,,-91.56180188843922,,,,,,
0.8713006387369541,,,,,-86.42960647593748,,,,,,
2.893629426135836,,,,,,-81.29144400360587,,,,,,
4.888654707602657,,,,,,-76.13357835775517,,,,,,
6.83721019388654,,,,,,,-70.94297392535498,,,,,,
8.720089527749085,,,,,,-65.70772968433552,,,,,,
10.51825771311617,,,,,,-60.41708836155667,,,,,,
12.21288121185951,,,,,,-55.06203244046899,,,,,,
13.78544514379277,,,,,,-49.63582226550902,,,,,,
15.21795737306286,,,,,,-44.13447776924055,,,,,,
16.49327678756075,,,,,,-38.55698714211992,,,,,,
17.59540869838669,,,,,,-32.90576445672387,,,,,,
18.50992693198901,,,,,,-27.18665943318263,,,,,,
19.22437678516699,,,,,,-21.40895805426238,,,,,,
19.72869327278266,,,,,,-15.58506476569819,,,,,,
20.01557478432236,,,,,,-9.729923364725858,,,,,,
20.08077194082447,,,,,,-3.860385211686102,,,,,,
19.92327294481241,,,,,,2.006122813891489,,,,,,,
19.54534544000421,,,,,,7.852084758763548,,,,,,,
18.95244491066026,,,,,,13.66133233073862,,,,,,,
18.15299144612228,,,,,,19.41977962071416,,,,,,,
17.15802723321822,,,,,,25.11623455061287,,,,,,,
15.98087231506716,,,,,,30.74257960941265,,,,,,,
14.63664769180928,,,,,,36.2943250963967,,,,,,,,
13.14191083136473,,,,,,41.77033973375337,,,,,,,
11.51425648405422,,,,,,47.1727712758906,,,,,,,,
9.77199549912417,,,,,,,52.50670664513618,,,,,,,
7.933875598033006,,,,,,57.77982170939074,,,,,,,
6.018921382255977,,,,,,63.00183745338217,,,,,,,
4.046296217031035,,,,,,68.18409914935914,,,,,,,
2.035212716442328,,,,,,73.33916547758118,,,,,,,
0.004916195932350919,,,78.48032957593459,,,,,,,
-2.02539665935367,,,,,,83.62139048917912,,,,,,,
-4.036482767103506,,,,,88.77602254401592,,,,,,,
-6.00918064488221,,,,,,93.95771720500196,,,,,,,
-7.924252597059906,,,,,99.17894523627562,,,,,,,
-9.762558105449227,,,,,104.4510823208534,,,,,,,
-11.50510639625175,,,,,109.7839158967112,,,,,,,
-13.13316962584259,,,,,115.1851599163335,,,,,,,
-14.62844221483853,,,,,120.6599008979138,,,,,,,
-15.97337437300409,,,,,126.2104645982493,,,,,,,
-17.15140279199247,,,,,131.8357614495436,,,,,,,
-18.14738594565189,,,,,137.5312991390073,,,,,,,
-18.94801127416153,,,,,143.289197331723,,,,,,,,
-19.54217921978005,,,,,149.098153408604,,,,,,,,
-19.92144186872853,,,,,154.9442700115784,,,,,,,
-20.08028427362636,,,,,160.8111866953683,,,,,,,
-20.01640386529365,,,,,166.6813546508765,,,,,,,
-19.73078699429418,,,,,172.5372535233073,,,,,,,
-19.22765814808726,,,,,178.3620680905415,,,,,,,
-18.51429899541306,,,,,-175.8591818761773,,,,,,
-17.60076364807877,,,,,-170.1389578253923,,,,,,
-16.49951117225712,,,,,-164.4866357051887,,,,,,
-15.22497591344665,,,,,-158.9081206757102,,,,,,
-13.79314998929057,,,,,-153.4058185659389,,,,,,
-12.22119780591937,,,,,-147.9787988672174,,,,,,
-10.52712843873338,,,,,-142.6231186026112,,,,,,
-8.729487287684391,,,,,-137.3321085508841,,,,,,
-6.847118783576104,,,,,-132.096760641869,,,,,,,
-4.899038095407307,,,,,-126.9062560279439,,,,,,
-2.904349331360794,,,,,-121.7484389132221,,,,,,
-0.8822000633792936,,,,-116.6102492205818,,,,,,
1.148280676663821,,,,,,-111.4780193725234,,,,,,
3.167972913638915,,,,,,-106.33789269381,,,,,,,,
5.157764760900226,,,,,,-101.1761945150917,,,,,,
7.098484994957061,,,,,,-95.98000498368967,,,,,,
8.970981513099114,,,,,,-90.73744034730176,,,,,,
10.75618789971885,,,,,,-85.43807263449901,,,,,,
12.43527056595198,,,,,,-80.07325234817739,,,,,,
13.98977907348283,,,,,,-74.63655838015565,,,,,,
15.40180828877938,,,,,,-69.12442765737859,,,,,,
16.65434631379349,,,,,,-63.53632958257166,,,,,,
17.7315876627127,,,,,,,-57.87517276643935,,,,,,
18.61936498486541,,,,,,-52.14723723579612,,,,,,
19.30552555142059,,,,,,-46.36230056189275,,,,,,
19.78036804133811,,,,,,-40.53318918225028,,,,,,
20.03700674687968,,,,,,-34.67512558672429,,,,,,
20.07163746062983,,,,,,-28.80502496362613,,,,,,
19.88369971586767,,,,,,-22.94042474857968,,,,,,
19.47591089775271,,,,,,-17.09869704448701,,,,,,
18.85415254902263,,,,,,-11.2957812186584,,,,,,,
18.02722061150263,,,,,,-5.545348428845925,,,,,,
17.00649919763772,,,,,,0.1417652877749729,,,,,,
15.80557055879188,,,,,,5.757985867707102,,,,,,,
14.43978003477197,,,,,,11.29925991253072,,,,,,,
12.92585996692804,,,,,,16.76487732200872,,,,,,,
11.28151425083382,,,,,,22.15743666413629,,,,,,,
9.525136254527345,,,,,,27.48237482129337,,,,,,,
7.675502540654183,,,,,,32.7477248587904,,,,,,,,
5.751669519057497,,,,,,37.96342748958769,,,,,,,
3.772809725394799,,,,,,43.14101270638475,,,,,,,
1.758094982174082,,,,,,48.29327107992071,,,,,,,
-0.2732145340658695,,,,53.43351948972268,,,,,,,
-2.301934916564167,,,,,58.5756002510063,,,,,,,,
-4.308827118707066,,,,,63.73316040841902,,,,,,,
-6.274671163377573,,,,,68.91944629073808,,,,,,,
-8.180296972982299,,,,,74.14694631141926,,,,,,,
-10.00655997807307,,,,,79.42678965382419,,,,,,,
-11.73449724454748,,,,,84.76850311995548,,,,,,,
-13.34541445480153,,,,,90.17942162276647,,,,,,,
-14.8211077322167,,,,,,95.66431257593752,,,,,,,
-16.1441333808586,,,,,,101.2250064359719,,,,,,,
-17.29811439749516,,,,,106.8600020135118,,,,,,,
-18.26814603970602,,,,,112.5644020386866,,,,,,,
-19.04117861575805,,,,,118.3297608282324,,,,,,,
-19.6064615356509,,,,,,124.1444436448629,,,,,,,
-19.95592293749734,,,,,129.9940937308912,,,,,,,
-20.08448318428848,,,,,135.8624326743823,,,,,,,
-19.99026111972537,,,,,141.7318024943436,,,,,,,
-19.67468200798788,,,,,147.5845346158113,,,,,,,
-19.14240259986996,,,,,153.4039948772995,,,,,,,
-18.40111658794768,,,,,159.1754186580907,,,,,,,
-17.46121862764923,,,,,164.8868593044875,,,,,,,
-16.33545590959004,,,,,170.529424057695,,,,,,,,
-15.03850341590906,,,,,176.097656833669,,,,,,,,
-13.58655924225859,,,,,-178.4104683742972,,,,,,
-11.99691243434013,,,,,-172.9935374401201,,,,,,
-10.28764588926142,,,,,-167.6471624617643,,,,,,
-8.47734592918094,,,,,,-162.3643031722698,,,,,,
-6.584904825524025,,,,,-157.1357325803745,,,,,,
-4.629347399058325,,,,,-151.9504055988422,,,,,,
-2.629804328643286,,,,,-146.7960673706256,,,,,,
-0.6054146078729196,,,,-141.6595339249404,,,,,,
1.424710624251992,,,,,,-136.5270494177607,,,,,,
3.441459748393415,,,,,,-131.3847428400215,,,,,,
5.425699597765514,,,,,,-126.2190503208915,,,,,,
7.358246178213065,,,,,,-121.0172034394654,,,,,,
9.219989941184441,,,,,,-115.7673915871048,,,,,,
10.99188876583512,,,,,,-110.4593870969673,,,,,,
12.65513981702987,,,,,,-105.0848270832552,,,,,,
14.19132763412795,,,,,,-99.6377127034971,,,,,,,
15.58265587210506,,,,,,-94.11483157596452,,,,,,
16.81223134349181,,,,,,-88.51618120541416,,,,,,
17.86445820409179,,,,,,-82.8450570907026,,,,,,,
18.72540016219628,,,,,,-77.10829781407625,,,,,,
19.38320724484211,,,,,,-71.31619551354231,,,,,,
19.82855093713185,,,,,,-65.48193212362391,,,,,,
20.0549593903326,,,,,,,-59.62097986319748,,,,,,
20.05906990744171,,,,,,-53.75047981495111,,,,,,
19.84078474300955,,,,,,-47.88802898819208,,,,,,
19.40326852401263,,,,,,-42.05074668221134,,,,,,
18.75282055291624,,,,,,-36.25430854849571,,,,,,
17.89861348071758,,,,,,-30.5120243246203,,,,,,,
16.8523616899753,,,,,,,-24.8343201591552,,,,,,,
15.62790396117279,,,,,,-19.22823593824898,,,,,,
14.24081399932241,,,,,,-13.69742518458505,,,,,,
12.70796656701364,,,,,,-8.24207520413116,,,,,,,
11.04719320214337,,,,,,-2.859229175735682,,,,,,
9.276930308233077,,,,,,2.457006603833142,,,,,,,
7.416035953237286,,,,,,7.714852865150246,,,,,,,
5.483581299212052,,,,,,12.92452103682212,,,,,,,
3.49870602757905,,,,,,,18.09783236562944,,,,,,,
1.480641550727823,,,,,,23.24754860531759,,,,,,,
-0.5514072981975864,,,,28.38719301724513,,,,,,,
-2.578218835463243,,,,,33.53052081944834,,,,,,,
-4.580543612965325,,,,,38.69110600651083,,,,,,,
-6.539230984872749,,,,,43.88227181582584,,,,,,,
-8.435071728559544,,,,,49.11623649622744,,,,,,,
-10.24893039195893,,,,,54.40389397859496,,,,,,,
-11.96190367521299,,,,,59.75457872382755,,,,,,,
-13.55535389419416,,,,,65.1753041587135,,,,,,,,
-15.01116414642004,,,,,70.67045716823694,,,,,,,
-16.31199982104082,,,,,76.2413582837936,,,,,,,,
-17.44167701124805,,,,,81.88609944312806,,,,,,,
-18.3855124557147,,,,,,87.599244942094,,,,,,,,,
-19.13075666762358,,,,,93.37194105574117,,,,,,,
-19.66700081339487,,,,,99.19211702611327,,,,,,,
-19.98656983930612,,,,,105.0451550739104,,,,,,,
-20.08480680657859,,,,,110.9144711438401,,,,,,,
-19.96027793271793,,,,,116.7824957594508,,,,,,,
-19.61483240686002,,,,,122.6317735533513,,,,,,,
-19.0535552687242,,,,,,128.4456282576748,,,,,,,
-18.28451754117357,,,,,134.2097148262848,,,,,,,
-17.31846194281113,,,,,139.9124122048672,,,,,,,
-16.16844353623641,,,,,145.5451925510737,,,,,,,
-14.84937457275409,,,,,151.1030836470262,,,,,,,
-13.37759783233564,,,,,156.584659627752,,,,,,,,
-11.77054881136934,,,,,161.9916850819847,,,,,,,
-10.04639099814482,,,,,167.3289512133705,,,,,,,
-8.223773498374399,,,,,172.6037978969313,,,,,,,
-6.32159199055413,,,,,,177.8257923657912,,,,,,,
-4.358944967066431,,,,,-176.9939755142901,,,,,,
-2.354909371263588,,,,,-171.8429465019219,,,,,,
-0.3286072265168511,,,,-166.7078049793683,,,,,,
1.700820189132582,,,,,,-161.5748355872469,,,,,,
3.714274754681216,,,,,,-156.4301458420005,,,,,,
5.692599526743156,,,,,,-151.2602982639908,,,,,,
7.61663179789941,,,,,,,-146.0525959413631,,,,,,
9.467227791479713,,,,,,-140.7955289352787,,,,,,
11.22542374472595,,,,,,-135.4789504617303,,,,,,
12.87246193367283,,,,,,-130.0947701281707,,,,,,
14.38997418580752,,,,,,-124.6374033193371,,,,,,
15.76026585152913,,,,,,-119.1040551600822,,,,,,
16.96661682582435,,,,,,-113.4950557581896,,,,,,
17.99359800415662,,,,,,-107.8143098913929,,,,,,
18.82753728914512,,,,,,-102.0690893980676,,,,,,
19.45690668684474,,,,,,-96.27002059359408,,,,,,
19.87272582812836,,,,,,-90.43074738934489,,,,,,
20.06892839118878,,,,,,-84.56702116604717,,,,,,
20.04258862684305,,,,,,-78.69616870030707,,,,,,
19.79406079925261,,,,,,-72.83580740699996,,,,,,
19.32695559675,,,,,,,,,-67.00293551817407,,,,,,
18.64798905797179,,,,,,-61.21294208157254,,,,,,
17.76671417205429,,,,,,-55.47879933492052,,,,,,
16.6951686888939,,,,,,,-49.81048074831435,,,,,,
15.44747099247848,,,,,,-44.21460465980137,,,,,,
14.03937080937125,,,,,,-38.69420365454879,,,,,,
12.48789174868142,,,,,,-33.24901338541768,,,,,,
10.8109757272378,,,,,,,-27.87568672098033,,,,,,
9.027129446164798,,,,,,-22.56797846952594,,,,,,
7.155242770855838,,,,,,-17.31734464466102,,,,,,
5.214407690711045,,,,,,-12.11333811675388,,,,,,
3.223816657897108,,,,,,-6.944073426365178,,,,,,
1.202679721304559,,,,,,-1.79660202967845,,,,,,,
-0.8297807626686563,,,,3.342619699471763,,,,,,,
-2.854352499477048,,,,,8.487378688842176,,,,,,,
-4.851824958113803,,,,,13.6513017045486,,,,,,,,
-6.802976593714701,,,,,18.84742001629828,,,,,,,
-8.68866781167624,,,,,,24.0879543372879,,,,,,,,
-10.48978532285594,,,,,29.38359801744227,,,,,,,
-12.1874386994166,,,,,,34.74334630085462,,,,,,,
-13.76305101953578,,,,,40.1738719314184,,,,,,,,
-15.19861345499805,,,,,45.67921642757788,,,,,,,
-16.47693013010452,,,,,51.26027932608434,,,,,,,
-17.58199331253581,,,,,56.91464809920467,,,,,,,
-18.49935489172441,,,,,62.63636675161644,,,,,,,
-19.21657405231007,,,,,68.41617961959858,,,,,,,
-19.72359475485458,,,,,74.24163034839077,,,,,,,
-20.01313760955392,,,,,80.09777812637567,,,,,,,
-20.08097756708906,,,,,85.96775160182186,,,,,,,
-19.92613395265854,,,,,91.83404485670431,,,,,,,
-19.55090117451418,,,,,97.67925075379712,,,,,,,
-18.96075112848773,,,,,103.4872427551126,,,,,,,
-18.16415048633395,,,,,109.2437225271491,,,,,,,
-17.17218225439848,,,,,114.9374476363614,,,,,,,
-15.99816875332753,,,,,120.5604164220915,,,,,,,
-14.65724738132604,,,,,126.1081030028204,,,,,,,
-13.16594620682793,,,,,131.579476488543,,,,,,,,
-11.54183314389159,,,,,136.9767015458136,,,,,,,
-9.803139229478427,,,,,142.3049978842616,,,,,,,
-7.968549993254619,,,,,147.5720609303733,,,,,,,
-6.057007406683486,,,,,152.7876587745073,,,,,,,
-4.087586978214481,,,,,157.963173108233,,,,,,,,
-2.079412569292909,,,,,163.1111881273344,,,,,,,
-0.05158285687008661,,,168.2451655687873,,,,,,,
1.976771745732597,,,,,,173.3788779731088,,,,,,,
3.986512088625589,,,,,,178.5260918557457,,,,,,,
5.958541367931445,,,,,,-176.2996759426326,,,,,,
7.87368359796292,,,,,,,-171.0858953900608,,,,,,
9.712841951375308,,,,,,-165.8211290363222,,,,,,
11.45697326428709,,,,,,-160.495767496733,,,,,,,
13.08740150308288,,,,,,-155.1019316232727,,,,,,
14.58585114392369,,,,,,-149.6343459081474,,,,,,
15.93475228300169,,,,,,-144.0905747580995,,,,,,
17.11752557905637,,,,,,-138.4714622211843,,,,,,
18.11894794654586,,,,,,-132.7814224548692,,,,,,
18.92562523093162,,,,,,-127.028142911749,,,,,,,
19.52635355431602,,,,,,-121.2226602458185,,,,,,
19.91252256825677,,,,,,-115.3790165116016,,,,,,
20.07848315686105,,,,,,-109.5131436293347,,,,,,
20.02174244241425,,,,,,-103.6424221711872,,,,,,
19.74309345095243,,,,,,-97.78452680793781,,,,,,
19.24657438494912,,,,,,-91.95626734565776,,,,,,
18.53931363386121,,,,,,-86.17285345343134,,,,,,
17.63122724084002,,,,,,-80.4468631455771,,,,,,,
16.53465928540557,,,,,,-74.7878035871655,,,,,,,
15.26399427706043,,,,,,-69.20187779726659,,,,,,
13.83518760949879,,,,,,-63.69166289085038,,,,,,
12.26543049723015,,,,,,-58.25650304708091,,,,,,
10.57275839523352,,,,,,-52.8925976579096,,,,,,,
8.77572097489524,,,,,,,-47.59328024971347,,,,,,
6.893249612287388,,,,,,-42.34973179711655,,,,,,
4.944464440927747,,,,,,-37.15130184604021,,,,,,
2.948546188458387,,,,,,-31.9858858295679,,,,,,,
0.9247313974326117,,,,,-26.84048876918829,,,,,,
-1.107785548656844,,,,,-21.70144067804227,,,,,,
-3.129789435339335,,,,,-16.55496027463813,,,,,,
-5.122045813475122,,,,,-11.38753351532412,,,,,,
-7.06539499658957,,,,,,-6.186075562168763,,,,,,
-8.940634048896031,,,,,-0.9387136382244865,,,,,
-10.72871447318607,,,,,4.365154780425181,,,,,,,
-12.41074066904896,,,,,9.734120302994519,,,,,,,
-13.96823596896923,,,,,15.17463412817095,,,,,,,
-15.38325630818825,,,,,20.6902264254821,,,,,,,,
-16.63875295574965,,,,,26.28135591392428,,,,,,,
-17.71892628174215,,,,,31.94519643862384,,,,,,,
-18.60958290251784,,,,,37.67536018797114,,,,,,,
-19.2985742092307,,,,,,43.46205824182699,,,,,,,
-19.7762090230375,,,,,,49.29245490853067,,,,,,,
-20.03561465405744,,,,,55.15125916310612,,,,,,,
-20.07300980703878,,,,,61.02165427701242,,,,,,,
-19.88785643390905,,,,,66.88591998383623,,,,,,,
-19.48289472619338,,,,,72.72679486129485,,,,,,,
-18.8640200586185,,,,,,78.52836705832667,,,,,,,
-18.040043128616,,,,,,,84.27693692424445,,,,,,,
-17.02238447112652,,,,,89.96152307267899,,,,,,,
-15.82464190045209,,,,,95.57455276191283,,,,,,,
-14.4621658426182,,,,,,101.1119777586753,,,,,,,
-12.95165786413919,,,,,106.5731770964058,,,,,,,
-11.31076704864006,,,,,111.9608468640175,,,,,,,
-9.557827459335895,,,,,117.2804752181196,,,,,,,
-7.71157496018248,,,,,,122.5400584328635,,,,,,,
-5.790990480958884,,,,,127.7495796600096,,,,,,,
-3.815141905259701,,,,,132.9206638064301,,,,,,,
-1.8031751607902,,,,,,,138.0659791508748,,,,,,,
0.2258189705847283,,,,,143.1990856745728,,,,,,,
2.252711967247094,,,,,,148.333782585094,,,,,,,,
4.25839046274844,,,,,,,153.4838725320662,,,,,,,
6.223705426153472,,,,,,158.6626521623935,,,,,,,
8.129564792355721,,,,,,163.8827253698803,,,,,,,
9.956862302345428,,,,,,169.1552886072035,,,,,,,
11.68659843173353,,,,,,174.4897658569051,,,,,,,
13.30008470254636,,,,,,179.8935496903928,,,,,,,
14.77913641075705,,,,,,-174.6284177388271,,,,,,
16.10628233432035,,,,,,-169.0742069463048,,,,,,
17.26511663967488,,,,,,-163.4451232823201,,,,,,
18.24067097967465,,,,,,-157.7458926586719,,,,,,
19.01980054838674,,,,,,-151.9848312139289,,,,,,
19.59165039005668,,,,,,-146.1733218608478,,,,,,
19.94800060709584,,,,,,-140.3256397450251,,,,,,
20.08361236753701,,,,,,-134.4580691106837,,,,,,
19.99643812463226,,,,,,-128.5880097378399,,,,,,
19.68771568508718,,,,,,-122.7331168996998,,,,,,
19.1619122549175,,,,,,,-116.9100089443067,,,,,,
18.42654076514341,,,,,,-111.1335072747426,,,,,,
17.49187355632749,,,,,,-105.4158780873672,,,,,,
16.37058313133867,,,,,,-99.76632455281371,,,,,,
15.07731102698363,,,,,,-94.19058353756456,,,,,,
13.62819123685533,,,,,,-88.69069293588372,,,,,,
12.04054234358841,,,,,,-83.26551418408295,,,,,,
10.33248769139088,,,,,,-77.91083706478689,,,,,,
8.52264731211511,,,,,,,-72.61969443032547,,,,,,
6.629987407704565,,,,,,-67.38299023871791,,,,,,
4.673609252186924,,,,,,-62.18976396888168,,,,,,
2.672711065896852,,,,,,-57.02778915866531,,,,,,
0.6465256541369473,,,,,-51.88395747651355,,,,,,
-1.385720683001783,,,,,-46.74463110265855,,,,,,
-3.404802494120598,,,,,-41.59605824117763,,,,,,
-5.391517053487116,,,,,-36.42470171710241,,,,,,
-7.32668002983791,,,,,,-31.21765883731041,,,,,,
-9.191132277628673,,,,,-25.96312898344033,,,,,,
-10.96581921580076,,,,,-20.65080661683315,,,,,,
-12.63188478023412,,,,,-15.27238981751673,,,,,,
-14.17089572258264,,,,,-9.821861070569765,,,,,,
-15.56504804289303,,,,,-4.295970321083774,,,,,,
-16.79742728217379,,,,,1.3052449498205,,,,,,,,,
-17.85243610962153,,,,,6.978496838001377,,,,,,,
-18.71613115365303,,,,,12.71687728705542,,,,,,,
-19.3766919078615,,,,,,18.51025148580018,,,,,,,
-19.82478512557941,,,,,24.34534634414455,,,,,,,
-20.05394998580541,,,,,30.20659226958392,,,,,,,
-20.06084592950923,,,,,36.07700949663959,,,,,,,
-19.84538436171918,,,,,41.93894927068313,,,,,,,
-19.41074402655609,,,,,47.77525168834015,,,,,,,
-18.7632411266375,,,,,,53.57020089692776,,,,,,,
-17.91206055597945,,,,,59.31048233711372,,,,,,,
-16.86893791626331,,,,,64.98559330584793,,,,,,,
-15.64773446999677,,,,,70.58842442339881,,,,,,,
-14.26400612540055,,,,,76.11540219242116,,,,,,,
-12.73458445325641,,,,,81.56643588006239,,,,,,,
-11.07724437030121,,,,,86.94455500296948,,,,,,,
-9.310390232979799,,,,,92.25560776610759,,,,,,,
-7.452803387366373,,,,,97.50788157312611,,,,,,,
-5.523490877229302,,,,,102.7115909851852,,,,,,,
-3.541525039983499,,,,,107.8785570697958,,,,,,,
-1.526054985306733,,,,,113.0215727516534,,,,,,,
0.5037971624847148,,,,,118.1541913217918,,,,,,,
2.528911683788859,,,,,,123.2902534667093,,,,,,,
4.530168722030196,,,,,,128.4435102213507,,,,,,,
6.488431987053932,,,,,,133.6271980902434,,,,,,,
8.38459267841271,,,,,,,138.8537138040372,,,,,,,
10.19958691153363,,,,,,144.1341217477486,,,,,,,
11.9144893681319,,,,,,,149.4777226522723,,,,,,,
13.51063643453505,,,,,,154.8915223487234,,,,,,,
14.96990977067807,,,,,,160.3800373140998,,,,,,,
16.27497349095871,,,,,,165.9448280424011,,,,,,,
17.40955701204921,,,,,,171.5839670674996,,,,,,,
18.35894290969776,,,,,,177.2923578400294,,,,,,,
19.11025868367664,,,,,,-176.9388662282295,,,,,,
19.65299496846152,,,,,,-171.1215225217796,,,,,,
19.97933368109444,,,,,,-165.2701577336084,,,,,,
20.08446603470597,,,,,,-159.4012688407357,,,,,,
19.96679644397453,,,,,,-153.5323836592823,,,,,,
19.6280192296761,,,,,,,-147.6810798159401,,,,,,
19.07302694703159,,,,,,-141.8636700242495,,,,,,
18.3097340819076,,,,,,,-136.0947284795235,,,,,,
17.34874735535813,,,,,,-130.3860257687564,,,,,,
16.20304574945578,,,,,,-124.746396801328,,,,,,,
14.88747865961157,,,,,,-119.1809817650223,,,,,,
13.41838014473503,,,,,,-113.691456752444,,,,,,,
11.81319036565731,,,,,,-108.2762178758627,,,,,,
10.0901102041338,,,,,,,-102.9306419902574,,,,,,
8.267842666333205,,,,,,-97.64752112432114,,,,,,
6.365361735311927,,,,,,-92.41742283704725,,,,,,
4.401788330886785,,,,,,-87.22919661737829,,,,,,
2.396334989446316,,,,,,-82.07049225289592,,,,,,
0.3682128929329619,,,,,-76.9280533191843,,,,,,,
-1.663396253771921,,,,,-71.78809363116115,,,,,,
-3.679256472054495,,,,,-66.63689803555313,,,,,,
-5.660113754000961,,,,,-61.46111988490356,,,,,,
-7.586773987740864,,,,,-56.24800605979222,,,,,,
-9.440065833724535,,,,,-50.98599655660927,,,,,,
-11.20099026886846,,,,,-45.66493393583799,,,,,,
-12.85074247166602,,,,,-40.2767832625146,,,,,,,
-14.37095762161683,,,,,-34.81588054342254,,,,,,
-15.74391583269149,,,,,-29.27947021875254,,,,,,
-16.95287017872747,,,,,-23.66799282046484,,,,,,
-17.98241136769356,,,,,-17.9853151054274,,,,,,,
-18.81888398975013,,,,,-12.23870531591241,,,,,,
-19.45078105153096,,,,,-6.438788412081246,,,,,,
-19.86914850454301,,,,,-0.5991706214592021,,,,,
-20.06794122753946,,,,,5.264322048865442,,,,,,,
-20.04426060617563,,,,,11.13454900426523,,,,,,,
-19.7984735632829,,,,,,16.99384022491382,,,,,,,
-19.33419878800949,,,,,22.8252498750603,,,,,,,,
-18.6581606005731,,,,,,28.61335440647729,,,,,,,
-17.7799173712429,,,,,,34.34516444945169,,,,,,,
-16.71152839447592,,,,,40.01059185286409,,,,,,,
-15.46711027094474,,,,,45.60303334403503,,,,,,,
-14.0624139120083,,,,,,51.11941758162477,,,,,,,
-12.51442930481493,,,,,56.56006610820269,,,,,,,
-10.84101840929901,,,,,61.928471476761,,,,,,,,,
-9.060633343254587,,,,,67.23088196028183,,,,,,,
-7.192103822197567,,,,,72.47583902880538,,,,,,,
-5.254433199195608,,,,,77.67384721928602,,,,,,,
-3.266731439673251,,,,,82.83681694948955,,,,,,,
-1.248132575335432,,,,,87.97770243251908,,,,,,,
0.7822596638652358,,,,,93.11016635764547,,,,,,,
2.805269151594105,,,,,,98.24792052551881,,,,,,,
4.80180914445299,,,,,,,103.4047637747117,,,,,,,
6.752721592460747,,,,,,108.5937845454348,,,,,,,
8.63888288930419,,,,,,,113.8271755291499,,,,,,,
10.44122219268946,,,,,,119.1157186359456,,,,,,,
12.14086696284631,,,,,,124.4684856214043,,,,,,,
13.71926074340519,,,,,,129.8923078218692,,,,,,,
15.15833456131105,,,,,,135.3911758835039,,,,,,,
16.44090406943325,,,,,,140.9662814617292,,,,,,,
17.55090535104582,,,,,,146.6153703690503,,,,,,,
18.47380582557326,,,,,,152.332624413457,,,,,,,,
19.1970513431633,,,,,,,158.1088459083876,,,,,,,
19.71047474295541,,,,,,163.9317702361612,,,,,,,
20.0066566367505,,,,,,,169.7865584762425,,,,,,,
20.08121917434593,,,,,,175.6564123910706,,,,,,,
20.05888645058296,,,,,,177.4863849583955,,,,,,,
